miuDecisionTimes,0,1.0,-0.1,-0.1,-0.1,299.0,300
limMiuLower,0.0,0.0,0.0,0.0,0.0,0.0,0.0
limMiuUpper,1.0,1.0,1.0,1.0,1.0,1.0,1.0
miuInitialCondition,1.0,1.0,1.0,1.0,1.0,1.0,1.0
techDecisionTimes,0,1.0,-0.1,-0.1,-0.1,299.0,300
freeDecisionTimes,0,1.0,-0.1,-0.1,-0.1,299.0,300
savingsDecisionTimes,0,1.0,-0.1,-0.1,-0.1,299.0,300
miuDecisions,
techDecisions,
savingsDecisions,
techLearningCurve,False,True
techInitCost,0.0,1.0
techInitAmount,0,1e-06
techLearningRate,0.005,0.13750352374993496
firstUnitFractionalCost,0.0,0.5
tlist,0.0,1.0,2.0,3.0,4.0,5.0,6.0,7.0,8.0,9.0,10.0,11.0,12.0,13.0,14.0,15.0,16.0,17.0,18.0,19.0,20.0,21.0,22.0,23.0,24.0,25.0,26.0,27.0,28.0,29.0,30.0,31.0,32.0,33.0,34.0,35.0,36.0,37.0,38.0,39.0,40.0,41.0,42.0,43.0,44.0,45.0,46.0,47.0,48.0,49.0,50.0,51.0,52.0,53.0,54.0,55.0,56.0,57.0,58.0,59.0,60.0,61.0,62.0,63.0,64.0,65.0,66.0,67.0,68.0,69.0,70.0,71.0,72.0,73.0,74.0,75.0,76.0,77.0,78.0,79.0,80.0,81.0,82.0,83.0,84.0,85.0,86.0,87.0,88.0,89.0,90.0,91.0,92.0,93.0,94.0,95.0,96.0,97.0,98.0,99.0,100.0,101.0,102.0,103.0,104.0,105.0,106.0,107.0,108.0,109.0,110.0,111.0,112.0,113.0,114.0,115.0,116.0,117.0,118.0,119.0,120.0,121.0,122.0,123.0,124.0,125.0,126.0,127.0,128.0,129.0,130.0,131.0,132.0,133.0,134.0,135.0,136.0,137.0,138.0,139.0,140.0,141.0,142.0,143.0,144.0,145.0,146.0,147.0,148.0,149.0,150.0,151.0,152.0,153.0,154.0,155.0,156.0,157.0,158.0,159.0,160.0,161.0,162.0,163.0,164.0,165.0,166.0,167.0,168.0,169.0,170.0,171.0,172.0,173.0,174.0,175.0,176.0,177.0,178.0,179.0,180.0,181.0,182.0,183.0,184.0,185.0,186.0,187.0,188.0,189.0,190.0,191.0,192.0,193.0,194.0,195.0,196.0,197.0,198.0,199.0,200.0,201.0,202.0,203.0,204.0,205.0,206.0,207.0,208.0,209.0,210.0,211.0,212.0,213.0,214.0,215.0,216.0,217.0,218.0,219.0,220.0,221.0,222.0,223.0,224.0,225.0,226.0,227.0,228.0,229.0,230.0,231.0,232.0,233.0,234.0,235.0,236.0,237.0,238.0,239.0,240.0,241.0,242.0,243.0,244.0,245.0,246.0,247.0,248.0,249.0,250.0,251.0,252.0,253.0,254.0,255.0,256.0,257.0,258.0,259.0,260.0,261.0,262.0,263.0,264.0,265.0,266.0,267.0,268.0,269.0,270.0,271.0,272.0,273.0,274.0,275.0,276.0,277.0,278.0,279.0,280.0,281.0,282.0,283.0,284.0,285.0,286.0,287.0,288.0,289.0,290.0,291.0,292.0,293.0,294.0,295.0,296.0,297.0,298.0,299.0,300.0
rr,1.0,0.9704455335485082,0.9417645335842487,0.9139311852712282,0.8869204367171575,0.8607079764250578,0.835270211411272,0.8105842459701871,0.7866278610665535,0.7633794943368531,0.7408182206817179,0.7189237334319262,0.697676326071031,0.6770568744981647,0.6570468198150567,0.6376281516217733,0.6187833918061408,0.6004955788122659,0.5827482523739896,0.5655254386995371,0.5488116360940265,0.5325918010068972,0.5168513344916993,0.5015760690660556,0.4867522559599717,0.4723665527410147,0.4584060113052235,0.44485806622294116,0.43171052342907973,0.418951549247639,0.40656965974059917,0.39455371037160114,0.38289288597511206,0.3715766910220457,0.3605949401730783,0.3499377491111553,0.3395955256449391,0.3295589610751891,0.31981902181630395,0.31036694126548503,0.30119421191220214,0.2922925776808594,0.2836540264997704,0.27527078308975234,0.2671353019658504,0.25924026064589156,0.2515785530597565,0.2441432831534371,0.23692775868212176,0.22992548518672384,0.22313016014842982,0.21653566731600707,0.21013607120076472,0.20392561173421347,0.1978986990836147,0.19204990862075413,0.18637397603940997,0.1808657926171221,0.17552040061699686,0.17033298882540943,0.16529888822158656,0.1604135677751728,0.15567263036799733,0.15107180883637086,0.14660696213035015,0.1422740715865136,0.13806923731089282,0.13398867466880499,0.1300287108784259,0.12618578170503877,0.1224564282529819,0.11883729385240965,0.11532512103806251,0.11191674861732888,0.10860910882495801,0.10539922456186433,0.10228420671553748,0.09926125155964566,0.09632763823049303,0.09348072627805847,0.09071795328941251,0.08803683258237259,0.08543495096732123,0.0829099665751727,0.08045960674953244,0.07808166600115317,0.07577400402284548,0.0735345437630571,0.07136126955638608,0.069252225309346,0.06720551273974978,0.06521928966812753,0.06329176835964073,0.06142121391500013,0.05960594270893937,0.057844320874838456,0.056134762834133725,0.05447572986918988,0.05286572873835037,0.051303310331919136,0.049787068367863944,0.04831563812606779,0.046887695219988486,0.04550195440462157,0.04415716841969286,0.04285212686704019,0.04158565512117318,0.04035661327203115,0.03916389509898708,0.038006427075174314,0.036883167401240015,0.0357931050676553,0.03473525894473856,0.033708676899572416,0.03271243493901982,0.03174563637806795,0.030807411032751076,0.02989691443692632,0.029013327082197053,0.028155853680300106,0.02732372244729257,0.02651618440889418,0.025732512726359954,0.024972002042276155,0.024233967845691123,0.023517745856009107,0.02282269142509298,0.022148178957037315,0.021493601345089923,0.020858369425214726,0.02024191144580439,0.0196436725530653,0.019063114291611637,0.01849971411981925,0.017952964939502866,0.017422374639493515,0.01690746565270528,0.01640777452629266,0.015922851504511698,0.015452260123909515,0.014995576820477703,0.014552390548416136,0.014122302410163962,0.013704925297364945,0.013299883542443767,0.012906812580479873,0.012525358621074385,0.012155178329914935,0.011795938519751572,0.01144731585050571,0.011108996538242306,0.010780676072743084,0.010462058943426803,0.010152858373369763,0.009852796061187257,0.009561601930543513,0.009279013887064744,0.00900477758243656,0.00873864618547329,0.008480380159953269,0.00822974704902003,0.007986521265955502,0.007750483891136699,0.00752142247499327,0.007299130846788583,0.0070834089290521185,0.006874062557496255,0.0066709033062552735,0.006473748318289405,0.006282420140801123,0.006096746565515638,0.005916560473681857,0.005741699685654202,0.005572006814919998,0.00540732912644096,0.005247518399181385,0.005092430792699196,0.004941926717679822,0.004795870710296421,0.004654131310283272,0.00451658094261267,0.004383095802668776,0.004253555744815125,0.004127844174255436,0.00400584794209042,0.0038874572434761303,0.0037725655187922052,0.0036610693577310083,0.003552868406221362,0.0034478652761031265,0.003345965457471272,0.003247077233610589,0.0031511115984444414,0.0030579821764233073,0.0029676051447809467,0.002879899158088243,0.0027947852750368437,0.0027121868873866434,0.0026320296510132005,0.0025542414189929983,0.0024787521766663585,0.0024054939786195117,0.002334400887529135,0.002265408914814322,0.0021984559630425313,0.00213348177003771,0.0020704278546402606,0.0020092374640700602,0.0019498555228451206,0.0018922285832099397,0.0018363047770289071,0.0017820337691014916,0.0017293667118571572,0.0016782562013892477,0.0016286562347882806,0.001580522168736217,0.0015338106793244643,0.0014884797230594294,0.0014444884990205433,0.0014017974121366757,0.0013603680375478939,0.0013201630860205026,0.0012811463703842113,0.0012432827729612415,0.0012065382139580404,0.0011708796207911744,0.001136274898319767,0.0011026928999577027,0.0010701033996396044,0.0010384770646153282,0.0010077854290485113,0.0009780008683953946,0.0009490965745408727,0.0009210465316693793,0.0008938254928488935,0.0008674089573070025,0.000841773148378549,0.0008168949921050291,0.0007927520964664691,0.0007693227312271008,0.0007465858083766799,0.0007245208631498513,0.0007031080356064829,0.0006823280527563766,0.0006621622112122769,0.0006425923603555579,0.0006236008859994445,0.0006051706945350532,0.0005872851975459913,0.0005699282968776604,0.0005530843701478336,0.0005367382566854553,0.0005208752438850126,0.0005054810539642003,0.0004905418311129505,0.00047604412902226977,0.0004619748987816513,0.00044832147713417755,0.00043507157507873255,0.00042221326680907034,0.0004097349789797868,0.00039762548028952584,0.000385873871372051,0.00037446957498607833,0.0003634023264950478,0.0003526621646282561,0.0003422394225150397,0.00033212471898394095,0.0003223089501190191,0.00031278328106571065,0.0003035391380788668,0.00029456820080580036,0.0002858623947974087,0.0002774138842406257,0.0002692150649056583,0.00026125855730166754,0.0002535372000347304,0.00024604404336209853,0.00023877234293696414,0.00023171555373808968,0.0002248673241788482,0.00021822149039036782,0.0002117720706736313,0.00020551326011554428,0.00019943942536412282,0.00019354509955809418,0.00018782497740635362,0.00018227391041284545,0.0001768869022425666,0.00017165910422453046,0.00016658581098763354,0.00016166245622550477,0.00015688460858652242,0.00015224796768529672,0.00014774836023203364,0.00014338173627629318,0.0001391441655617589,0.00013503183398874292,0.00013104104018123928,0.00012716819215543435,0.00012340980408667956
al,0.7781200916565773,0.785940328589274,0.7938391602097822,0.8018173764078462,0.8098757750117342,0.8180151618680224,0.8262363509221787,0.8345401642999599,0.8429274323896236,0.8513989939249681,0.8599556960692066,0.8685983944996841,0.8773279534934462,0.8861452460136664,0.8950511537969451,0.9040465674414816,0.9131323864961373,0.9223095195503884,0.9315788843251886,0.9409414077647397,0.9503980261291877,0.9599496850882494,0.9695973398157809,0.9793419550852943,0.9891845053664374,0.9991259749224402,1.009167357908543,1.0193096584714123,1.0295538908495563,1.0399010794747496,1.0503522590744776,1.0609084747754094,1.0715707822079124,1.0823402476116144,1.093217947942031,1.1042049709782598,1.1153024154317601,1.1265113910562257,1.1378330187585592,1.1492684307109662,1.160818770464171,1.1724851930617743,1.184268865155758,1.1961709651231518,1.2081926831838699,1.2203352215197372,1.2325997943947058,1.2449876282762837,1.2574999619581826,1.2701380466841972,1.2829031462733322,1.2957965372461842,1.3088195089525947,1.321973363700587,1.3352594168865977,1.3486789971270168,1.3622334463910515,1.3759241201349237,1.3897523874374165,1.4037196311367839,1.4178272479690353,1.4320766487076104,1.4464692583044574,1.4610065160325298,1.475689875629715,1.490520805444209,1.505500788581352,1.5206313230519413,1.5359139219220328,1.5513501134642491,1.566941441310608,1.5826894646068865,1.5985957581685382,1.614661912638174,1.6308895346446302,1.64728024696363,1.663835688680064,1.6805575153519006,1.6974473991757415,1.7145070291540443,1.731738111264023,1.7491423686282481,1.7667215416869597,1.7844773883721123,1.8024116842831717,1.8205262228646744,1.8388228155855737,1.8573032921203891,1.8759695005321744,1.894823307457326,1.9138665982922485,1.9331012773818936,1.9525292682102007,1.9721525135924416,1.9919729758695075,2.0119926371041434,2.032213499279156,2.0526375844976132,2.0732669351850572,2.094103614293748,2.1151497055089608,2.1364073134573545,2.1578785639174396,2.1795656040321547,2.2014706025235835,2.2235957499098293,2.2459432587240693,2.268515363735807,2.2913143221743546,2.314342413954554,2.337601941904774,2.3610952319971927,2.384824633580397,2.40879251961432,2.433001286907538,2.4574533563569547,2.4821511731898913,2.5070972072086133,2.532293953037311,2.5577439303715646,2.5834496842303154,2.6094137852103714,2.635638829743467,2.66212744035591,2.6888822659308356,2.715905981973097,2.743201290876818,2.7707709221956356,2.7986176329156565,2.8267442077311578,2.85515345932306,2.8838482286401974,2.912831385183413,2.942105827292515,2.9716744824361094,3.0015403075043507,3.031706289104635,3.0621754438602595,3.092950818712092,3.1240354912232626,3.1554325698869277,3.1871451944371163,3.2191765361627125,3.2515297982245817,3.2842082159758896,3.3172150572856447,3.350553622865484,3.384227246599747,3.4182392958788683,3.4525931719361194,3.487292310187735,3.5223401805764567,3.5577402879185285,3.5934961722541865,3.629611409201659,3.6660896103147387,3.702934423443934,3.7401495331012633,3.7777386608287045,3.8157055655703545,3.854054044048326,3.892787931142425,3.9319111002736395,3.971427463791485,4.011340973365243,4.051655620379133,4.0923754363314515,4.133504493237727,4.175046904037926,4.217006823007746,4.259388446174051,4.302196011734475,4.345433800481247,4.389106136229276,4.433217386248527,4.477771961700764,4.52277431808066,4.568228955661355,4.614140419944485,4.660513302114741,4.707352239498982,4.7546619160299795,4.802447062714812,4.850712458107967,4.899462928789208,4.948703349846227,4.998438645362164,5.048673788908016,5.099413804040002,5.150663764801917,5.202428796232546,5.25471407487817,5.307524829310225,5.360866340648163,5.41474394308757,5.469163024433587,5.524129026639699,5.57964744635193,5.635723835458519,5.692363801645105,5.749573008955509,5.807357178358136,5.865722088318076,5.92467357537497,5.984217534726642,6.0443599208186525,6.10510674793973,6.1664640908232045,6.228438085254502,6.291034928684704,6.354260880850324,6.418122264399261,6.482625465523094,6.547776934595683,6.613583186818232,6.680050802870799,6.747186429570383,6.814996780535596,6.883488636858047,6.952668847780441,7.022544331381526,7.093122075267886,7.164409137272731,7.236412646161662,7.309139802345574,7.382597878600689,7.456794220795851,7.531736248627107,7.607431456359697,7.683887413577465,7.761111765939857,7.839112235946454,7.91789662370926,7.997472807732709,8.077848745701512,8.159032475276453,8.241032114898132,8.323855864598855,8.407512006822603,8.492008907253323,8.57735501565146,8.663558866698986,8.750629080852834,8.838574365206988,8.92740351436316,9.017125411310301,9.107749028312865,9.199283427808082,9.291737763312168,9.385121280335733,9.479443317308286,9.574713306512137,9.670940775025588,9.768135345675692,9.866306738000498,9.96546476922106,10.065619355223118,10.166780511548744,10.268958354397874,10.372163101639934,10.47640507383566,10.581694695269134,10.688042494990246,10.795459107867584,10.90395527565196,11.013541848050554,11.124229783811943,11.236030151821929,11.348954132210492,11.463013017469764,11.578218213583332,11.6945812411668,11.812113736619906,11.93082745329013,12.050734262648078,12.171846155474597,12.29417524305991,12.4177337584147,12.542534057493487,12.66858862043016,12.795910052786077,12.92451108681056,13.054404582714188,13.185603529954797,13.318121048536435,13.451970390321403,13.587164940355414,13.723718218206137,13.86164387931515,14.000955716363505,14.141667660650993,14.283793783489314,14.42734829760918,14.572345558581643,14.71880006625362,14.866726466197935,15.016139551177845,15.16705426262637,15.319485692140406,15.47344908298994,15.628959831642355
sigma,1.0,0.9900498337491681,0.9801986733067553,0.9704455335485082,0.9607894391523232,0.951229424500714,0.9417645335842487,0.9323938199059483,0.9231163463866358,0.9139311852712282,0.9048374180359595,0.8958341352965282,0.8869204367171575,0.8780954309205613,0.8693582353988059,0.8607079764250578,0.8521437889662113,0.8436648165963837,0.835270211411272,0.8269591339433623,0.8187307530779818,0.8105842459701871,0.8025187979624785,0.794533602503334,0.7866278610665535,0.7788007830714049,0.7710515858035663,0.7633794943368531,0.7557837414557255,0.7482635675785653,0.7408182206817179,0.7334469562242892,0.7261490370736909,0.7189237334319262,0.7117703227626097,0.7046880897187134,0.697676326071031,0.6907343306373547,0.6838614092123558,0.6770568744981647,0.6703200460356393,0.6636502501363194,0.6570468198150567,0.6505090947233165,0.6440364210831414,0.6376281516217733,0.631283645506926,0.6250022682827008,0.6187833918061408,0.6126263941844161,0.6065306597126334,0.6004955788122659,0.5945205479701944,0.5886049696783552,0.5827482523739896,0.5769498103804866,0.5712090638488149,0.5655254386995371,0.559898366565402,0.5543272847345071,0.5488116360940265,0.5433508690744998,0.5379444375946745,0.5325918010068972,0.5272924240430485,0.522045776761016,0.5168513344916992,0.5117085777865424,0.5066169923655895,0.5015760690660555,0.49658530379140947,0.4916441974609651,0.4867522559599717,0.48190899009020244,0.4771139155210344,0.4723665527410147,0.46766642700990924,0.46301306831122807,0.4584060113052235,0.45384479528235583,0.44932896411722156,0.4448580662229411,0.44043165450599925,0.43604928632153556,0.43171052342907973,0.4274149319487267,0.4231620823177488,0.418951549247639,0.4147829116815814,0.4106557527523455,0.4065696597405991,0.40252422403363597,0.39851904108451414,0.3945537103716011,0.3906278353585211,0.3867410234545012,0.38289288597511206,0.37908303810339883,0.37531109885139957,0.3715766910220457,0.36787944117144233,0.3642189795715233,0.3605949401730783,0.3570069605691474,0.35345468195878016,0.3499377491111553,0.3464558103300574,0.34300851741870664,0.3395955256449391,0.3362164937067333,0.33287108369807955,0.32955896107518906,0.32627979462303947,0.3230332564222529,0.31981902181630384,0.31663676937905316,0.3134861808826053,0.31036694126548503,0.30727873860113125,0.3042212640667041,0.30119421191220214,0.2981972794298874,0.2952301669240142,0.2922925776808594,0.2893842179390506,0.2865047968601901,0.2836540264997704,0.2808316217783798,0.27803730045319414,0.27527078308975234,0.2725317930340126,0.2698200563846868,0.26713530196585034,0.26447726129982396,0.261845668580326,0.2592402606458915,0.2566607769535559,0.25410695955280027,0.25157855305975646,0.24907530463166816,0.24659696394160643,0.2441432831534371,0.24171401689703645,0.23930892224375455,0.23692775868212176,0.23457028809379765,0.23223627472975883,0.22992548518672384,0.22763768838381274,0.22537265553943872,0.22313016014842982,0.2209099779593782,0.21871188695221475,0.21653566731600707,0.21438110142697794,0.21224797382674304,0.21013607120076472,0.20804518235702046,0.20597509820488344,0.20392561173421342,0.20189651799465538,0.1998876140751445,0.19789869908361465,0.19592957412690934,0.19398004229089189,0.19204990862075408,0.1901389801015205,0.1882470656387468,0.18637397603940997,0.18451952399298926,0.18268352405273466,0.1808657926171221,0.17906614791149322,0.17728440996987782,0.17552040061699686,0.17377394345044514,0.17204486382305054,0.17033298882540943,0.1686381472685955,0.1669601696670407,0.16529888822158653,0.16365413680270405,0.16202575093388075,0.16041356777517274,0.15881742610692068,0.1572371663136276,0.1556726303679973,0.1541236618151314,0.15259010575688386,0.15107180883637084,0.14956861922263504,0.14808038659546244,0.14660696213035015,0.14514819848362373,0.14370394977770293,0.1422740715865136,0.140858420921045,0.13945685621505094,0.13806923731089282,0.13669542544552385,0.1353352832366127,0.13398867466880493,0.13265546508012172,0.13133552114849303,0.1300287108784259,0.12873490358780423,0.12745396989482075,0.12618578170503877,0.12493021219858241,0.12368713581745483,0.1224564282529819,0.12123796643338168,0.12003162851145673,0.11883729385240965,0.11765484302177918,0.11648415777349697,0.11532512103806251,0.1141776169108365,0.11304153064044985,0.11191674861732888,0.11080315836233387,0.10970064851551141,0.10860910882495796,0.10752843013579495,0.1064585043792528,0.10539922456186433,0.104350484754765,0.1033121800831002,0.10228420671553744,0.1012664618538834,0.1002588437228037,0.09926125155964566,0.09827358560436154,0.09729574708953276,0.09632763823049303,0.09536916221554961,0.09442022319630235,0.09348072627805847,0.09255057751034329,0.09162968387750484,0.09071795328941251,0.08981529457224763,0.08892161745938634,0.08803683258237255,0.0871608514619813,0.0862935864993705,0.08543495096732123,0.08458485900156469,0.08374322559219596,0.08290996657517266,0.0820849986238988,0.08126823924089167,0.08045960674953244,0.07965902028589801,0.07886639979067495,0.07808166600115313,0.07730474044329974,0.07653554542391151,0.07577400402284548,0.07502004008532698,0.07427357821433388,0.0735345437630571,0.07280286282743559,0.0720784622387661,0.07136126955638605,0.0706512130604296,0.06994822174465536,0.069252225309346,0.06856315415427791,0.06788093937176144,0.06720551273974976,0.06653680671501686,0.06587475442640295,0.06521928966812753,0.06457034689316847,0.06392786120670757,0.0632917683596407,0.06266200474215315,0.06203850737735829,0.06142121391500013,0.06081006262521795,0.06020499239237354,0.05960594270893937,0.05901285366944784,0.05842566596450083,0.057844320874838456,0.05726876026546736,0.0566989265798469,0.056134762834133725,0.05557621261148306,0.05502322005640723,0.05447572986918986,0.05393368730035602,0.053397038145197084,0.05286572873835037,0.05233970594843238,0.05181891717272583,0.05130331033191911,0.0507928338648985,0.050287436723591865,0.049787068367863944
tatm,0.0,0.0,0.0,0.0,0.0,0.0,0.0,0.0,0.0,0.0,0.0,0.0,0.0,0.0,0.0,0.0,0.0,0.0,0.0,0.0,0.0,0.0,0.0,0.0,0.0,0.0,0.0,0.0,0.0,0.0,0.0,0.0,0.0,0.0,0.0,0.0,0.0,0.0,0.0,0.0,0.0,0.0,0.0,0.0,0.0,0.0,0.0,0.0,0.0,0.0,0.0,0.0,0.0,0.0,0.0,0.0,0.0,0.0,0.0,0.0,0.0,0.0,0.0,0.0,0.0,0.0,0.0,0.0,0.0,0.0,0.0,0.0,0.0,0.0,0.0,0.0,0.0,0.0,0.0,0.0,0.0,0.0,0.0,0.0,0.0,0.0,0.0,0.0,0.0,0.0,0.0,0.0,0.0,0.0,0.0,0.0,0.0,0.0,0.0,0.0,0.0,0.0,0.0,0.0,0.0,0.0,0.0,0.0,0.0,0.0,0.0,0.0,0.0,0.0,0.0,0.0,0.0,0.0,0.0,0.0,0.0,0.0,0.0,0.0,0.0,0.0,0.0,0.0,0.0,0.0,0.0,0.0,0.0,0.0,0.0,0.0,0.0,0.0,0.0,0.0,0.0,0.0,0.0,0.0,0.0,0.0,0.0,0.0,0.0,0.0,0.0,0.0,0.0,0.0,0.0,0.0,0.0,0.0,0.0,0.0,0.0,0.0,0.0,0.0,0.0,0.0,0.0,0.0,0.0,0.0,0.0,0.0,0.0,0.0,0.0,0.0,0.0,0.0,0.0,0.0,0.0,0.0,0.0,0.0,0.0,0.0,0.0,0.0,0.0,0.0,0.0,0.0,0.0,0.0,0.0,0.0,0.0,0.0,0.0,0.0,0.0,0.0,0.0,0.0,0.0,0.0,0.0,0.0,0.0,0.0,0.0,0.0,0.0,0.0,0.0,0.0,0.0,0.0,0.0,0.0,0.0,0.0,0.0,0.0,0.0,0.0,0.0,0.0,0.0,0.0,0.0,0.0,0.0,0.0,0.0,0.0,0.0,0.0,0.0,0.0,0.0,0.0,0.0,0.0,0.0,0.0,0.0,0.0,0.0,0.0,0.0,0.0,0.0,0.0,0.0,0.0,0.0,0.0,0.0,0.0,0.0,0.0,0.0,0.0,0.0,0.0,0.0,0.0,0.0,0.0,0.0,0.0,0.0,0.0,0.0,0.0,0.0,0.0,0.0,0.0,0.0,0.0,0.0,0.0,0.0,0.0,0.0,0.0,0.0,0.0,0.0,0.0,0.0,0.0,0.0,0.0,0.0,0.0,0.0,0.0,0.0
k,2.3076923076923075,2.4542219598344874,2.5644714816315917,2.6757471966317135,2.7874157893199376,2.8989212641909496,3.0097843972254514,3.1196008752319453,3.2280383276846587,3.3348324711371626,3.4397825844749397,3.5427465196045933,3.643635431134687,3.7424083836759765,3.8390669691666326,3.9336500409276054,4.026228647164224,4.116901225056251,4.205789097762356,4.293032300691841,4.378785750178215,4.463215757028343,4.5464968790583855,4.628809100377323,4.710335320551024,4.7912591335970305,4.871762874766463,4.952025912035321,5.032223158951809,5.112523785796526,5.193090106762299,5.274076621928889,5.355629194095141,5.437884341957242,5.520968632622765,5.604998157976545,5.690078080928016,5.776302239042339,5.8637527944690815,5.9524921205988,6.04251610935309,6.133811995718518,6.22637151804098,6.320190452988748,6.4152681971680074,6.5116073909933645,6.609213580830164,6.708094915797177,6.808261875952801,6.9097270288897725,7.012504812036471,7.116611338210318,7.222064222193353,7.3288824263041565,7.437086123125943,7.546696573719617,7.65773601980454,7.770227588529943,7.884195208587737,7.999663536533905,8.116657892291762,8.235204202907056,8.35532895371293,8.477059146142913,8.600422261503166,8.725446230081484,8.852159405031088,8.980590540522002,9.110768773702773,9.242723610060548,9.376484911808596,9.51208288896772,9.649548092841707,9.788911411617683,9.930204067849893,10.073457617610554,10.218703951114122,10.365975294641807,10.515304213611698,10.666723616656606,10.82026676058677,10.975967256128193,11.133859074339629,11.293976553622231,11.456354407245824,11.621027731324627,11.7880320131833,11.957403140061324,12.129177408110197,12.30339153164365,12.480082652606278,12.659288350230586,12.84104665085653,13.025396037891358,13.212375461890781,13.40202435074545,13.594382619959259,13.78949068300833,13.987389461771548,14.188120397025301,14.391725458996692,14.598247157970874,14.807728554949383,15.020213272357443,15.23574550479914,15.4543700298602,15.676132218958816,15.901078048245592,16.129254109554218,16.360707621404938,16.59548644006327,16.833639070656794,17.07521467835308,17.32026309960209,17.56883485344656,17.82098115290408,18.076753916424657,18.33620577942772,18.599390105922527,18.866361000216127,19.137173318712883,19.411882681809804,19.690545485891786,19.97321891543096,20.259960955194295,20.550830402563655,20.845886879972397,21.145190847462683,21.44880361536757,21.756787357121983,22.06920512220658,22.386120849228544,22.707599379143275,23.033706468620935,23.36450880356176,23.700074012764016,24.040470681748502,24.385768366743346,24.736037608832984,25.09134994827503,25.451777938988844,25.81739516321945,26.18827624638062,26.564496872080703,26.94613379733496,27.333264867968015,27.725969034210106,28.12432636649073,28.528418071433386,28.938326508054963,29.35413520417347,29.775928873027674,30.203793430112313,30.6378160102325,31.078084984780944,31.52468997924165,31.97772189092373,32.43727290692899,32.90343652235702,33.37630755875138,33.85598218279068,34.342557925228284,34.83613370008428,35.336809824093635,35.84468803641419,36.35987151859845,36.88246491483291,37.4125743524488,37.95030746270825,38.495773401869684,39.04908287253648,39.610348145292946,40.1796830806315,40.757203151175275,41.34302546420022,41.93726878446075,42.540053557323326,43.151501932212,43.77173778637031,44.40088674894383,45.03907622538774,45.68643542220371,46.34309537201078,47.009188958954525,47.684850944459136,48.370217993327046,49.06542870019069,49.77062361632114,50.48594527679839,51.21153822804803,51.94754905574919,52.69412641311879,53.45142104957683,54.21958583979802,54.998775813154644,55.789148183555874,56.59086237968876,57.40408007566615,58.228965222086856,59.065684077513446,59.91440524037318,60.77529968128756,61.64854077583607,62.53430433775981,63.43276865261068,64.34411451185197,65.26852524741612,66.20618676672568,67.15728758818338,68.1220188771374,69.10057448232804,70.09315097282185,71.0999476754397,72.12116671268501,73.1570130411786,74.2076944906067,75.27342180318871,76.35440867367137,77.45087178985605,78.56303087366605,79.69110872276079,80.83533125270382,81.99592753969188,83.17312986385195,84.36717375311379,85.57829802766499,86.80674484499622,88.05275974554411,89.31659169893912,90.59849315086652,91.89872007054775,93.21753199885052,94.55519209703507,95.91196719614524,97.28812784705188,98.68394837115729,100.09970691176882,101.53568548615013,102.99217003825851,104.46945049217709,105.96782080625057,107.48757902793317,109.02902734935797,110.59247216363657,112.17822412189807,113.7865981910769,115.41791371245861,117.07249446099318,118.75066870538545,120.45276926897223,122.17913359139608,123.93010379108537,125.70602672855095,127.50725407050936,129.33414235484287,131.18705305640674,133.06635265369414,134.97241269636936,136.90560987368002,138.86632608375916,140.85494850382796,142.8718696613106,144.917487505872,146.99220548239015,149.0964326048741,151.23058353133976,153.39507863965463,155.59034410436365,157.81681197450825,160.07492025245034,162.36511297371374,164.68784028785558,167.0435585403798,169.4327303557057,171.85582472120433,174.3133170723154,176.80568937875833,179.3334302318499,181.89703493294252,184.49682468094502,187.13167241309907,189.8005709445987,192.50304766194293,195.23915655662336,198.0094717279812,200.81508227135342,203.65758848868415,206.53909937704753,209.4622313664712,212.43124929595703,215.4659151089125,218.5866815134599,221.80877583532845,225.14230034363706,228.59231354604265,232.1588910030407,235.8371656445028,239.6173487723068,243.4847339365846,247.41968671057177,251.39762408857155
cumAbateTech_0,0.0,1.0,2.0479659421486707,3.1373126591050084,4.266288542496244,5.433091724445161,6.635897063782957,7.872879821919826,9.142235962684621,10.442199156843742,11.771054674136282,13.127150411211183,14.508905340464983,15.914815679418336,17.34345907892392,18.793497116099125,20.263676358340394,21.752828241112386,23.25986797665152,24.783792684885213,26.32367891284591,27.87867968536491,29.448021208282903,31.03099932601546,32.62697581811329,34.235374604405116,35.855677915285725,37.487422472551586,39.130195716712066,40.783632108728135,42.44740952746973,44.12124577866414,45.8048952265699,47.49814555590875,49.20081466859244,50.912747717377385,52.633814276669106,54.363905649194734,56.10293230609206,57.850821457066345,59.607514056027185,61.37295789512845,63.14710609397624,64.92991683179723,66.72135308785259,68.52138239055448,70.3299765756393,72.14711155365333,73.97276708691402,75.80692657602556,77.64957685595274,79.50070800159054,81.36031314270994,83.22838828811267,85.10493215878684,86.98994602982317,88.88343358082555,90.78540075452955,92.69585562332804,94.6148082633932,96.54227063607793,98.47825647627741,100.42278118743171,102.37586174285325,104.33751659306749,106.30776557886198,108.28662984974612,110.27413178753324,112.2702949347657,114.27514392771417,116.28870443369232,118.31100309243934,120.34206746133316,122.38192596420821,124.43060784356244,126.4881431159487,128.554562530356,130.62989752939666,132.7141802131243,134.80744330531846,136.90972012207925,139.02104454258563,141.1414509818783,143.270974365537,145.40965010612916,147.5575140813145,149.71460261349714,151.88095245092305,154.05660075012756,156.24158505964292,158.43594330488202,160.6397137741194,162.8529351054958,165.07564627497717,167.3078865852038,169.5496956551685,171.80111341066825,174.06218007547562,176.3329361631813,178.61342246966146,180.9036800661268,183.2037502927135,185.51367475257814,187.8334953064623,190.16325406769366,192.50299339759357,194.85275590126273,197.2125844237186,199.5825220463599,201.96261208373554,204.35289808059613,206.75342380920907,209.1642332669179,211.58537067392928,214.01688047131123,216.45880731918817,218.91119609511838,221.37409189264156,223.84754001998388,226.33158599891016,228.826275563712,231.33165466032287,233.84776944555094,236.37466628642127,238.91239175961988,241.4609926510322,244.02051595536966,246.5910088758777,249.17251882411992,251.76509341983282,254.36878049084604,256.9836280730637,259.60968441050267,262.2469979553834,264.89561736826994,267.5555915182556,270.2269694831913,272.90980054995316,275.6041342147473,278.3100201834487,281.02750837197203,283.7566489066722,286.49749212477275,289.2500885748202,292.01448901716225,294.79074442444846,297.5789059821524,300.3790250891127,303.19115335809323,306.0153426163597,308.85164490627255,311.700112485895,314.5607978296148,317.4337536287795,320.3190327923439,323.2166884475287,326.12677394049086,329.0493428370033,331.9844489231448,334.9321462059988,337.89248891436057,340.8655314994527,343.8513286356479,346.8499352211994,349.8614063789777,352.885797457214,355.9231640302499,358.9735618992926,362.0370470931759,365.1136758691263,368.2035047135343,371.30659034273003,374.42298970376436,377.5527599751935,380.6959585678683,383.85264312572735,387.0228715265945,390.20670188297925,393.4041925428815,396.61540209059956,399.8403893475413,403.0792133730389,406.3319334651667,409.5986091615618,412.87930024024814,416.1740667204632,419.48296886348743,422.8060671734767,426.1434223982974,429.49509553036387,432.86114780747886,436.24164071367625,439.63663598006616,443.0461955856828,446.4703817583345,449.909256975456,453.36288396496326,456.8313257061104,460.31464543034906,463.81290662218953,467.3261730200647,470.85450861719556,474.39797766245925,477.95664466125885,481.53057437639563,485.11983182894295,488.7244822991224,492.34459132718223,495.98022471427686,499.63144852334955,503.29832908001606,506.9809329734507,510.67932705727424,514.3935784504436,518.1237545381434,521.86992297268,525.6321516743759,529.4105088324677,533.2050629060049,537.0158826247504,540.8430369900835,544.6865952759044,548.5466270295398,552.4232020726508,556.3163905021433,560.2262626910787,564.1528892895866,568.0963412257804,572.0566897066734,576.0340062190967,580.028362530619,584.0398306904683,588.0684830304546,592.1143921658946,596.1776309965383,600.2582727074962,604.3563907701692,608.4720589431796,612.6053512733031,616.7563420964035,620.925106038368,625.1117180160442,629.3162532381787,633.5387872063574,637.7793957159466,642.0381548570366,646.3151410153854,650.6104308733651,654.9241014109086,659.256229906459,663.6068939379186,667.9761713836011,672.364140423184,676.7708795386624,681.1964675153046,685.6409834426088,690.1045067152606,694.5871170340929,699.0888944070454,703.6099191501268,708.1502718883775,712.7100335568338,717.2892854014927,721.888108980279,726.5065861640115,731.1447991373732,735.8028303998796,740.4807627668503,745.1786793703806,749.8966636603144,754.634799405218,759.3931706933552,764.1718619336626,768.9709578567273,773.7905435157638,778.6307042875933,783.4915258736228,788.3730943008256,793.2754959227228,798.1988174203652,803.1431443489193,808.1085496127552,813.0950948696791,818.1028351129657,823.1318229755817,828.1821127786334,833.253764344474,838.346846593291,843.4614409403865,848.5976445097741,853.7555814894254,858.9355137939498,864.1378404672745,869.3630550244714,874.6117053510212,879.8843560047031,885.181552789424,890.5037894805254,895.8514765805033,901.224911975258,906.62425334615
cumAbateTech_1,1e-06,1e-06,1e-06,1e-06,1e-06,1e-06,1e-06,1e-06,1e-06,1e-06,1e-06,1e-06,1e-06,1e-06,1e-06,1e-06,1e-06,1e-06,1e-06,1e-06,1e-06,1e-06,1e-06,1e-06,1e-06,1e-06,1e-06,1e-06,1e-06,1e-06,1e-06,1e-06,1e-06,1e-06,1e-06,1e-06,1e-06,1e-06,1e-06,1e-06,1e-06,1e-06,1e-06,1e-06,1e-06,1e-06,1e-06,1e-06,1e-06,1e-06,1e-06,1e-06,1e-06,1e-06,1e-06,1e-06,1e-06,1e-06,1e-06,1e-06,1e-06,1e-06,1e-06,1e-06,1e-06,1e-06,1e-06,1e-06,1e-06,1e-06,1e-06,1e-06,1e-06,1e-06,1e-06,1e-06,1e-06,1e-06,1e-06,1e-06,1e-06,1e-06,1e-06,1e-06,1e-06,1e-06,1e-06,1e-06,1e-06,1e-06,1e-06,1e-06,1e-06,1e-06,1e-06,1e-06,1e-06,1e-06,1e-06,1e-06,1e-06,1e-06,1e-06,1e-06,1e-06,1e-06,1e-06,1e-06,1e-06,1e-06,1e-06,1e-06,1e-06,1e-06,1e-06,1e-06,1e-06,1e-06,1e-06,1e-06,1e-06,1e-06,1e-06,1e-06,1e-06,1e-06,1e-06,1e-06,1e-06,1e-06,1e-06,1e-06,1e-06,1e-06,1e-06,1e-06,1e-06,1e-06,1e-06,1e-06,1e-06,1e-06,1e-06,1e-06,1e-06,1e-06,1e-06,1e-06,1e-06,1e-06,1e-06,1e-06,1e-06,1e-06,1e-06,1e-06,1e-06,1e-06,1e-06,1e-06,1e-06,1e-06,1e-06,1e-06,1e-06,1e-06,1e-06,1e-06,1e-06,1e-06,1e-06,1e-06,1e-06,1e-06,1e-06,1e-06,1e-06,1e-06,1e-06,1e-06,1e-06,1e-06,1e-06,1e-06,1e-06,1e-06,1e-06,1e-06,1e-06,1e-06,1e-06,1e-06,1e-06,1e-06,1e-06,1e-06,1e-06,1e-06,1e-06,1e-06,1e-06,1e-06,1e-06,1e-06,1e-06,1e-06,1e-06,1e-06,1e-06,1e-06,1e-06,1e-06,1e-06,1e-06,1e-06,1e-06,1e-06,1e-06,1e-06,1e-06,1e-06,1e-06,1e-06,1e-06,1e-06,1e-06,1e-06,1e-06,1e-06,1e-06,1e-06,1e-06,1e-06,1e-06,1e-06,1e-06,1e-06,1e-06,1e-06,1e-06,1e-06,1e-06,1e-06,1e-06,1e-06,1e-06,1e-06,1e-06,1e-06,1e-06,1e-06,1e-06,1e-06,1e-06,1e-06,1e-06,1e-06,1e-06,1e-06,1e-06,1e-06,1e-06,1e-06,1e-06,1e-06,1e-06,1e-06,1e-06,1e-06,1e-06,1e-06,1e-06,1e-06,1e-06,1e-06,1e-06,1e-06,1e-06,1e-06,1e-06,1e-06,1e-06,1e-06,1e-06,1e-06,1e-06,1e-06,1e-06,1e-06,1e-06,1e-06,1e-06,1e-06,1e-06,1e-06,1e-06,1e-06,1e-06,1e-06,1e-06,1e-06
dk,0.14652965214217997,0.1102495217971041,0.11127571500012179,0.11166859268822432,0.1115054748710122,0.11086313303450168,0.10981647800649369,0.10843745245271352,0.10679414345250415,0.10495011333777715,0.10296393512965346,0.10088891153009355,0.0987729525412896,0.09665858549065626,0.0945830717609728,0.0925786062366189,0.09067257789202693,0.08888787270610471,0.08724320292948573,0.08575344948637398,0.08443000685012769,0.08328112203004262,0.0823122213189369,0.08152622017370109,0.08092381304600665,0.0805037411694331,0.08026303726885764,0.0801972469164885,0.08030062684471717,0.08056632096577288,0.08098651516658961,0.08155257216625278,0.08225514786210064,0.0830842906655227,0.08402952535378005,0.08507992295147115,0.08622415811432338,0.08745055542674263,0.08873932612971791,0.09002398875429007,0.09129588636542785,0.09255952232246245,0.09381893494776816,0.0950777441792594,0.09633919382535716,0.09760618983679914,0.09888133496701312,0.10016696015562421,0.10146515293697145,0.10277778314669839,0.10410652617384708,0.10545288398303465,0.1068182041108039,0.10820369682178621,0.10961045059367447,0.11103944608492311,0.11249156872540278,0.11396762005779426,0.11546832794616746,0.11699435575785622,0.1185463106152943,0.12012475080587237,0.12173019242998473,0.12336311536025257,0.1250239685783191,0.1267131749496042,0.12843113549091312,0.1301782331807717,0.1319548363577745,0.133761301748049,0.13559797715912325,0.1374652038739863,0.1393633187759763,0.14129265623220977,0.1432535497606613,0.14524633350356875,0.147271343527684,0.14932891896989053,0.15141940304490897,0.15354314393016444,0.15570049554142318,0.15789181821143528,0.16011747928260278,0.16237785362359292,0.1646733240788032,0.16700428185867233,0.16937112687802403,0.1717742680488732,0.17421412353345245,0.17669112096262873,0.17920569762430882,0.1817583006259449,0.1843493870348274,0.18697942399942313,0.18964888885466857,0.19235826921380816,0.19510806304907158,0.19789877876321849,0.20073093525375274,0.20360506197139183,0.20652169897418204,0.20948139697850832,0.21248471740805974,0.21553223244169706,0.21862452506106034,0.221762189098615,0.22494582928677542,0.22817606130862655,0.23145351185072016,0.2347788186583315,0.2381526305935242,0.24157560769628716,0.24504842124900916,0.2485717538444694,0.252146299457519,0.2557727635205773,0.25945186300306,0.26318432649480816,0.26697089429359955,0.2708123184967566,0.27470936309692195,0.27866280408198296,0.2826734295391724,0.28674203976333623,0.29086944736936005,0.2950564774087421,0.2993039674902853,0.303612767904887,0.307983741754414,0.31241776508459695,0.3169157270219647,0.32147852991473247,0.3261070894776612,0.3308023349408238,0.3355652092022585,0.3403966689844853,0.34529768499484303,0.3502692420896367,0.3553123394420479,0.36042799071381193,0.36561722423060816,0.37088108316116974,0.37622062570008374,0.3816369252542575,0.3871310706330573,0.39270416624208915,0.3983573322806251,0.40409170494265556,0.4099084366215795,0.4158086961185079,0.42179366885420366,0.42786455708463844,0.43402258012018624,0.44026897454844516,0.44660499446070556,0.4530319116820771,0.45955101600526227,0.4661636154280302,0.47287103639435735,0.47967462403930616,0.4865757424376045,0.49357577485599835,0.5006761240093498,0.5078782123205552,0.5151834821842645,0.5225933962344591,0.5301094376158941,0.5377331102594489,0.5454659391614287,0.5533094706667994,0.561265272756466,0.5693349353385515,0.5775200705437786,0.5858223130249396,0.5942433202605315,0.602784772862579,0.6114483748886723,0.6202358541583095,0.6291489625735274,0.6381894764439044,0.6473591968159695,0.6566599498070751,0.666093586943747,0.6756619855046129,0.6853670488679073,0.69521070686364,0.7051949161304538,0.7153216604772545,0.7255929512496389,0.7360108277011674,0.7465773573695955,0.7572946364580391,0.7681647902211912,0.7791899733566208,0.7903723704012275,0.8017141961328873,0.8132176959773956,0.8248851464207041,0.8367188554265867,0.8487211628597331,0.860894440914378,0.8732410945485132,0.8857635619237367,0.8984643148508749,0.9113458592412886,0.92441073556415,0.937661519309561,0.951100821457695,0.9647312889540229,0.9785556051906328,0.9925764904938053,1.0067967026178515,1.0212190372453147,1.0358463284935864,1.0506814494280938,1.0657273125820064,1.0809868704826595,1.0964631161846814,1.1121590838100053,1.1280778490947352,1.1442225299430326,1.1605962869880546,1.1772023241600778,1.1940438892618346,1.211124274551194,1.228446817331239,1.246014900547884,1.2638319533950124,1.2819014519273928,1.3002269196812364,1.3188119283027575,1.3376600981845606,1.356775099110168,1.3761606509066375,1.395820524105405,1.415758540611538,1.435978574381302,1.456484552108373,1.4772804539185866,1.4983703140734796,1.519758221682597,1.5414483214248111,1.5634448142785953,1.5857519582614987,1.6083740691788293,1.6313155213817065,1.6545807485345687,1.6781742443922631,1.7021005635867859,1.7263643224238514,1.7509701996892844,1.7759229374655803,1.801227341958409,1.8268882843335188,1.8529107015638768,1.8792995972874085,1.9060600426752217,1.9331971773106709,1.9607162100791307,1.9886224200687987,2.016921157482644,2.045617844561413,2.0747179765181354,2.1042271224839553,2.1341509264656597,2.1644951083148527,2.1952654647090295,2.2264678701445977,2.2581082779420747,2.290192721263402,2.322727314141858,2.355718252524216,2.3891718153259127,2.4230943654986135,2.457492351111096,2.4923723064429204,2.527740853091551,2.5636047010926255,2.5997897480025074,2.63484773215405,2.6688985314996323,2.7024767173442434,2.7361088946804415,2.7703151713578436,2.805610543372218,2.8425062173307403,2.881510888363376,2.9231319894236805,2.9690179294858297,3.0346658129554527,3.1207664045473997,3.222094321868564,3.333524508308617,3.450013202405586,3.566577456998054,3.678274641462089,3.780183127804005,3.8673851642777954,3.934952773987156,3.977937377999787,-251.39762408857158
yGross,1.0,1.0584981749657822,1.1113529803926028,1.1633583177646751,1.2144213231343948,1.26447448781258,1.3134735000362068,1.3613948458955216,1.4082333166860073,1.453999533781282,1.4987175707415394,1.5424227262744656,1.5851594807727982,1.6269796530063392,1.6679407615089994,1.7081045865842264,1.747535922990854,1.7863015096670982,1.8244691207877168,1.8621068015994156,1.8992822324959024,1.936062205403028,1.9725121975355548,2.0086960288015403,2.0446755904514697,2.080510633914004,2.1162586100712106,2.1519745504659586,2.187710983080107,2.223517876362331,2.2594426061147743,2.2955299406694882,2.331822040503533,2.3683584690627217,2.4051762120965945,2.442309703259934,2.4797908541180522,2.5176490870124946,2.555911369508969,2.5946012294209484,2.6337327214698876,2.673318059449789,2.713369403907631,2.753898862578269,2.794918491837144,2.836440299075172,2.8784762458955675,2.9210382520322478,2.964138199892349,3.0077879396304663,3.051999294668521,3.096784067582241,3.1421540462826663,3.1881210104284508,3.2346967380119893,3.2818930120692262,3.329721627469481,3.37819439774753,3.4273231619456883,3.47711979143852,3.5275961967172846,3.5787643341151703,3.6306362124579117,3.683223899627473,3.736539529029222,3.790595305955392,3.8454035138397002,3.900976520399784,3.9573267836656174,4.014466857893435,4.072409399365731,4.131167172078902,4.1907530533208295,4.251180039141361,4.312461249719193,4.374609934629049,4.437639478013401,4.501563403663235,4.566395380012555,4.632149225051436,4.698838911162566,4.766478569886203,4.835082496618532,4.904665155248365,4.975241182737099,5.046825393646747,5.119432784620844,5.193078538822876,5.267778030336804,5.343546828534162,5.420400702412052,5.498355624906274,5.577427777183706,5.657633552917893,5.738989562551726,5.821512637550926,5.905219834651964,5.990128440107912,6.07625597393559,6.16362019416729,6.252239101110225,6.342130941616751,6.433314213368326,6.525807669176009,6.619630321300322,6.714801445793056,6.811340586863673,6.9092675612727215,7.008602462754755,7.109365666473023,7.2115778335082625,7.315259915383738,7.420433158628704,7.527119109382368,7.6353396180403434,7.745116843945607,7.856473260125852,7.9694316580791105,8.084015152609512,8.20024718671491,8.31815153652821,8.437752316314041,8.559073983522518,8.68214134390173,8.806979556670592,8.933614139753685,9.062070975079632,9.192376313944647,9.324556782442746,9.458639386964162,9.59465151976355,9.732620964599397,9.872575902446203,10.01454491728092,10.158557001945086,10.304641564084184,10.452828432165692,10.603147861577252,10.755630540806496,10.910307597703952,11.067210605830503,11.226371590890905,11.387823037254822,11.551597894566838,11.717729584446976,11.886252007283185,12.057199549117337,12.230607088626162,12.406510004198756,12.584944181112082,12.765946018806087,12.94955243825991,13.135800889470838,13.32472935903749,13.516376377848893,13.710781028881023,13.907982955102437,14.108022367490634,14.310940053160794,14.516777383608582,14.725576323068694,14.937379436990831,15.152229900634884,15.370171507786983,15.591248679598293,15.815506473548247,16.042990592534046,16.273747394088282,16.507823899726535,16.745267804426724,16.98612748624229,17.23045201605093,17.478291167440975,17.729695426737305,17.98471600316881,18.24340483917944,18.50581462088485,18.771998788676736,19.042011547976994,19.315907880143726,19.59374355353136,19.875575134707024,20.161459999825357,20.451456346164026,20.74562320382227,21.04402044758463,21.346708808952364,21.65374988834481,21.96520616747313,22.281141021888807,22.601618733709483,22.926704504524476,23.256464468482612,23.590965705564887,23.93027625504463,24.274465129137596,24.623602326845013,24.977758847991876,25.337006707463573,25.701418949643408,26.07106966305393,26.44603399520493,26.82638816765092,27.21220949126121,27.603576381705217,28.00056837515653,28.403266144218243,28.811751514073006,29.226107478860925,29.64641821828824,30.072769114470365,30.505246769012203,30.9439390203294,31.388934961213558,31.840324956645176,32.29820066185741,32.76265504065448,33.23378238398803,33.711678328795195,34.19643987710198,34.688165415395645,35.18695473426974,35.69290904834592,36.2061310164759,36.72672476222803,37.25479589466185,37.79045152939523,38.33380030996761,38.88495242950401,39.44401965268341,40.01111533801643,40.586354460435764,41.169853634204685,41.76173113614716,42.36210692920457,42.97110268632356,43.5888418146792,44.21544948023881,44.85105263267043,45.49578003060136,46.14976226723107,46.813131796304056,47.4860229584469,48.16857200787524,48.86091713947525,49.56319851626536,50.275558297242945,50.99814066562178,51.73109185746535,52.47456019072176,53.22869609466547,53.99365213975211,54.76958306789114,55.55664582314331,56.35499958284761,57.16480578918478,57.98622818118231,58.81943282716825,59.66458815767885,60.52186499882705,61.39143660613816,62.273478698858796,63.168169494745996,64.07568974534284,64.99622277174771,65.92995450088345,66.87707350227399,67.83777102533465,68.81224103718417,69.8006802609846,70.80328821481743,71.82026725110217,72.85182259656631,73.89816239277256,74.95949773721277,76.03604272497476,77.1280144909914,78.23563325287856,79.3591223543716,80.49868463030525,81.65433563912555,82.82610891178538,84.0141102664849,85.21851681305041,86.43957616367095,87.67760584162554,88.93299287793687,90.20619358450789,91.49773349116907,92.80835698015036,94.14084270630121,95.49806282204614,96.88220514384126,98.29478392186674,99.73664942325935,101.20799665821481,102.70837334097526,104.2366869775037,105.79121080440557,107.36958816512711,108.96883479477887
damageFrac,0.0,0.0,0.0,0.0,0.0,0.0,0.0,0.0,0.0,0.0,0.0,0.0,0.0,0.0,0.0,0.0,0.0,0.0,0.0,0.0,0.0,0.0,0.0,0.0,0.0,0.0,0.0,0.0,0.0,0.0,0.0,0.0,0.0,0.0,0.0,0.0,0.0,0.0,0.0,0.0,0.0,0.0,0.0,0.0,0.0,0.0,0.0,0.0,0.0,0.0,0.0,0.0,0.0,0.0,0.0,0.0,0.0,0.0,0.0,0.0,0.0,0.0,0.0,0.0,0.0,0.0,0.0,0.0,0.0,0.0,0.0,0.0,0.0,0.0,0.0,0.0,0.0,0.0,0.0,0.0,0.0,0.0,0.0,0.0,0.0,0.0,0.0,0.0,0.0,0.0,0.0,0.0,0.0,0.0,0.0,0.0,0.0,0.0,0.0,0.0,0.0,0.0,0.0,0.0,0.0,0.0,0.0,0.0,0.0,0.0,0.0,0.0,0.0,0.0,0.0,0.0,0.0,0.0,0.0,0.0,0.0,0.0,0.0,0.0,0.0,0.0,0.0,0.0,0.0,0.0,0.0,0.0,0.0,0.0,0.0,0.0,0.0,0.0,0.0,0.0,0.0,0.0,0.0,0.0,0.0,0.0,0.0,0.0,0.0,0.0,0.0,0.0,0.0,0.0,0.0,0.0,0.0,0.0,0.0,0.0,0.0,0.0,0.0,0.0,0.0,0.0,0.0,0.0,0.0,0.0,0.0,0.0,0.0,0.0,0.0,0.0,0.0,0.0,0.0,0.0,0.0,0.0,0.0,0.0,0.0,0.0,0.0,0.0,0.0,0.0,0.0,0.0,0.0,0.0,0.0,0.0,0.0,0.0,0.0,0.0,0.0,0.0,0.0,0.0,0.0,0.0,0.0,0.0,0.0,0.0,0.0,0.0,0.0,0.0,0.0,0.0,0.0,0.0,0.0,0.0,0.0,0.0,0.0,0.0,0.0,0.0,0.0,0.0,0.0,0.0,0.0,0.0,0.0,0.0,0.0,0.0,0.0,0.0,0.0,0.0,0.0,0.0,0.0,0.0,0.0,0.0,0.0,0.0,0.0,0.0,0.0,0.0,0.0,0.0,0.0,0.0,0.0,0.0,0.0,0.0,0.0,0.0,0.0,0.0,0.0,0.0,0.0,0.0,0.0,0.0,0.0,0.0,0.0,0.0,0.0,0.0,0.0,0.0,0.0,0.0,0.0,0.0,0.0,0.0,0.0,0.0,0.0,0.0,0.0,0.0,0.0,0.0,0.0,0.0,0.0,0.0,0.0,0.0,0.0,0.0,0.0
damages,0.0,0.0,0.0,0.0,0.0,0.0,0.0,0.0,0.0,0.0,0.0,0.0,0.0,0.0,0.0,0.0,0.0,0.0,0.0,0.0,0.0,0.0,0.0,0.0,0.0,0.0,0.0,0.0,0.0,0.0,0.0,0.0,0.0,0.0,0.0,0.0,0.0,0.0,0.0,0.0,0.0,0.0,0.0,0.0,0.0,0.0,0.0,0.0,0.0,0.0,0.0,0.0,0.0,0.0,0.0,0.0,0.0,0.0,0.0,0.0,0.0,0.0,0.0,0.0,0.0,0.0,0.0,0.0,0.0,0.0,0.0,0.0,0.0,0.0,0.0,0.0,0.0,0.0,0.0,0.0,0.0,0.0,0.0,0.0,0.0,0.0,0.0,0.0,0.0,0.0,0.0,0.0,0.0,0.0,0.0,0.0,0.0,0.0,0.0,0.0,0.0,0.0,0.0,0.0,0.0,0.0,0.0,0.0,0.0,0.0,0.0,0.0,0.0,0.0,0.0,0.0,0.0,0.0,0.0,0.0,0.0,0.0,0.0,0.0,0.0,0.0,0.0,0.0,0.0,0.0,0.0,0.0,0.0,0.0,0.0,0.0,0.0,0.0,0.0,0.0,0.0,0.0,0.0,0.0,0.0,0.0,0.0,0.0,0.0,0.0,0.0,0.0,0.0,0.0,0.0,0.0,0.0,0.0,0.0,0.0,0.0,0.0,0.0,0.0,0.0,0.0,0.0,0.0,0.0,0.0,0.0,0.0,0.0,0.0,0.0,0.0,0.0,0.0,0.0,0.0,0.0,0.0,0.0,0.0,0.0,0.0,0.0,0.0,0.0,0.0,0.0,0.0,0.0,0.0,0.0,0.0,0.0,0.0,0.0,0.0,0.0,0.0,0.0,0.0,0.0,0.0,0.0,0.0,0.0,0.0,0.0,0.0,0.0,0.0,0.0,0.0,0.0,0.0,0.0,0.0,0.0,0.0,0.0,0.0,0.0,0.0,0.0,0.0,0.0,0.0,0.0,0.0,0.0,0.0,0.0,0.0,0.0,0.0,0.0,0.0,0.0,0.0,0.0,0.0,0.0,0.0,0.0,0.0,0.0,0.0,0.0,0.0,0.0,0.0,0.0,0.0,0.0,0.0,0.0,0.0,0.0,0.0,0.0,0.0,0.0,0.0,0.0,0.0,0.0,0.0,0.0,0.0,0.0,0.0,0.0,0.0,0.0,0.0,0.0,0.0,0.0,0.0,0.0,0.0,0.0,0.0,0.0,0.0,0.0,0.0,0.0,0.0,0.0,0.0,0.0,0.0,0.0,0.0,0.0,0.0,0.0
y,1.0,1.0584981749657822,1.1113529803926028,1.1633583177646751,1.2144213231343948,1.26447448781258,1.3134735000362068,1.3613948458955216,1.4082333166860073,1.453999533781282,1.4987175707415394,1.5424227262744656,1.5851594807727982,1.6269796530063392,1.6679407615089994,1.7081045865842264,1.747535922990854,1.7863015096670982,1.8244691207877168,1.8621068015994156,1.8992822324959024,1.936062205403028,1.9725121975355548,2.0086960288015403,2.0446755904514697,2.080510633914004,2.1162586100712106,2.1519745504659586,2.187710983080107,2.223517876362331,2.2594426061147743,2.2955299406694882,2.331822040503533,2.3683584690627217,2.4051762120965945,2.442309703259934,2.4797908541180522,2.5176490870124946,2.555911369508969,2.5946012294209484,2.6337327214698876,2.673318059449789,2.713369403907631,2.753898862578269,2.794918491837144,2.836440299075172,2.8784762458955675,2.9210382520322478,2.964138199892349,3.0077879396304663,3.051999294668521,3.096784067582241,3.1421540462826663,3.1881210104284508,3.2346967380119893,3.2818930120692262,3.329721627469481,3.37819439774753,3.4273231619456883,3.47711979143852,3.5275961967172846,3.5787643341151703,3.6306362124579117,3.683223899627473,3.736539529029222,3.790595305955392,3.8454035138397002,3.900976520399784,3.9573267836656174,4.014466857893435,4.072409399365731,4.131167172078902,4.1907530533208295,4.251180039141361,4.312461249719193,4.374609934629049,4.437639478013401,4.501563403663235,4.566395380012555,4.632149225051436,4.698838911162566,4.766478569886203,4.835082496618532,4.904665155248365,4.975241182737099,5.046825393646747,5.119432784620844,5.193078538822876,5.267778030336804,5.343546828534162,5.420400702412052,5.498355624906274,5.577427777183706,5.657633552917893,5.738989562551726,5.821512637550926,5.905219834651964,5.990128440107912,6.07625597393559,6.16362019416729,6.252239101110225,6.342130941616751,6.433314213368326,6.525807669176009,6.619630321300322,6.714801445793056,6.811340586863673,6.9092675612727215,7.008602462754755,7.109365666473023,7.2115778335082625,7.315259915383738,7.420433158628704,7.527119109382368,7.6353396180403434,7.745116843945607,7.856473260125852,7.9694316580791105,8.084015152609512,8.20024718671491,8.31815153652821,8.437752316314041,8.559073983522518,8.68214134390173,8.806979556670592,8.933614139753685,9.062070975079632,9.192376313944647,9.324556782442746,9.458639386964162,9.59465151976355,9.732620964599397,9.872575902446203,10.01454491728092,10.158557001945086,10.304641564084184,10.452828432165692,10.603147861577252,10.755630540806496,10.910307597703952,11.067210605830503,11.226371590890905,11.387823037254822,11.551597894566838,11.717729584446976,11.886252007283185,12.057199549117337,12.230607088626162,12.406510004198756,12.584944181112082,12.765946018806087,12.94955243825991,13.135800889470838,13.32472935903749,13.516376377848893,13.710781028881023,13.907982955102437,14.108022367490634,14.310940053160794,14.516777383608582,14.725576323068694,14.937379436990831,15.152229900634884,15.370171507786983,15.591248679598293,15.815506473548247,16.042990592534046,16.273747394088282,16.507823899726535,16.745267804426724,16.98612748624229,17.23045201605093,17.478291167440975,17.729695426737305,17.98471600316881,18.24340483917944,18.50581462088485,18.771998788676736,19.042011547976994,19.315907880143726,19.59374355353136,19.875575134707024,20.161459999825357,20.451456346164026,20.74562320382227,21.04402044758463,21.346708808952364,21.65374988834481,21.96520616747313,22.281141021888807,22.601618733709483,22.926704504524476,23.256464468482612,23.590965705564887,23.93027625504463,24.274465129137596,24.623602326845013,24.977758847991876,25.337006707463573,25.701418949643408,26.07106966305393,26.44603399520493,26.82638816765092,27.21220949126121,27.603576381705217,28.00056837515653,28.403266144218243,28.811751514073006,29.226107478860925,29.64641821828824,30.072769114470365,30.505246769012203,30.9439390203294,31.388934961213558,31.840324956645176,32.29820066185741,32.76265504065448,33.23378238398803,33.711678328795195,34.19643987710198,34.688165415395645,35.18695473426974,35.69290904834592,36.2061310164759,36.72672476222803,37.25479589466185,37.79045152939523,38.33380030996761,38.88495242950401,39.44401965268341,40.01111533801643,40.586354460435764,41.169853634204685,41.76173113614716,42.36210692920457,42.97110268632356,43.5888418146792,44.21544948023881,44.85105263267043,45.49578003060136,46.14976226723107,46.813131796304056,47.4860229584469,48.16857200787524,48.86091713947525,49.56319851626536,50.275558297242945,50.99814066562178,51.73109185746535,52.47456019072176,53.22869609466547,53.99365213975211,54.76958306789114,55.55664582314331,56.35499958284761,57.16480578918478,57.98622818118231,58.81943282716825,59.66458815767885,60.52186499882705,61.39143660613816,62.273478698858796,63.168169494745996,64.07568974534284,64.99622277174771,65.92995450088345,66.87707350227399,67.83777102533465,68.81224103718417,69.8006802609846,70.80328821481743,71.82026725110217,72.85182259656631,73.89816239277256,74.95949773721277,76.03604272497476,77.1280144909914,78.23563325287856,79.3591223543716,80.49868463030525,81.65433563912555,82.82610891178538,84.0141102664849,85.21851681305041,86.43957616367095,87.67760584162554,88.93299287793687,90.20619358450789,91.49773349116907,92.80835698015036,94.14084270630121,95.49806282204614,96.88220514384126,98.29478392186674,99.73664942325935,101.20799665821481,102.70837334097526,104.2366869775037,105.79121080440557,107.36958816512711,108.96883479477887
c,0.6227011170885892,0.7028264571852294,0.7436301172293218,0.7841150054132795,0.8241742693313888,0.8637192283589834,0.9026785823071679,0.9409973059196135,0.9786353404650372,1.0155661733297887,1.051775377164392,1.0872591627839128,1.1220229851180399,1.1560802291480852,1.1894509928313632,1.2221609762548469,1.2542404803824048,1.2857235144553685,1.3166470080819956,1.3470501220438575,1.3769736506279533,1.4064595076701512,1.4355502883107794,1.464288898590107,1.4927182453503607,1.5208809793848677,1.5488192853257066,1.5765747123459382,1.6041880403402091,1.6316991768169054,1.6591470802719548,1.6865697063103466,1.714003973231918,1.7414857442014748,1.7690498234805379,1.7967299645108086,1.8245588879109271,1.852568307681518,1.8807967639323429,1.9093280286067782,1.9381852241691506,1.9673773375554748,1.996913317155765,2.026802073100135,2.057052478294986,2.0876733701390364,2.118673552845538,2.150061800296906,2.1818468593600975,2.2140374535947904,2.246642287291027,2.279670049778175,2.313129419952527,2.347029070976249,2.3813776751057203,2.416183908612341,2.451456456763624,2.4872040188367417,2.523435313140747,2.5601590820272735,2.597384096872814,2.6351191630185924,2.673373124656634,2.712154869652929,2.751473334300586,2.791337507997639,2.8317564378456783,2.8727392331668122,2.9142950699375656,2.956433195139331,2.999162931025748,3.0424936793081434,3.0864349252606824,3.1309962417473827,3.176187293173542,3.222017839364425,3.268497739374305,3.315636955229164,3.363445555606476,3.411933719455611,3.4611117395624658,3.5109900260619487,3.5615791099019662,3.612889646262549,3.6649324179337133,3.7177183386556125,3.7712584564244898,3.82556395676787,3.880646165992332,3.9365165544071683,3.9931867395271152,4.050668489257271,4.108973725063225,4.168114525129335,4.228103127507979,4.288951933262573,4.350673509606967,4.4132805930438606,4.476786092504682,4.541203092493368,4.606544856236374,4.672824828841155,4.740056640465328,4.808254109498568,4.877431245759348,4.947602253708421,5.018781535681016,5.090983695139536,5.164223539948614,5.238516085674197,5.313876558908412,5.390320400621771,5.467863269544386,5.546521045577689,5.626309833238168,5.7072459651346215,5.789346005480326,5.87262675364153,5.957105247723659,6.0427987681965405,6.12972484156,6.2179012440510775,6.307346005394168,6.398077412595297,6.4901140137818025,6.583474622088577,6.6781783195921065,6.774244461293492,6.871692679151575,6.970542886167367,7.070815280520927,7.17253034976181,7.275708875054214,7.380371935478003,7.486540912386651,7.594237493823297,7.703483678995998,7.814301782813281,7.926714440481151,8.040744612162637,8.15641558770101,8.27375099140779,8.392774786916677,8.51351128210451,8.635985134080423,8.760221354244294,8.886245313415701,9.014082747034433,9.143759760433838,9.275302834188079,9.408738829534537,9.544094993872505,9.68139896633942,9.820678783465794,9.961962884910093,10.10528011927478,10.250659750004802,10.398131461369704,10.547725364530734,10.699472003694138,10.853402362352021,11.009547869612003,11.167940406617106,11.328612313057064,11.491596393772609,11.656925925453942,11.82463466343486,11.994756848583954,12.167327214294282,12.342380993572956,12.519953926232175,12.700082266183083,12.882802788834047,13.068152798594838,13.256170136488256,13.446893187870787,13.640360890263842,13.836612741297227,14.035688806766435,14.237629728805437,14.442476734176617,14.650271642679577,14.861056875680532,15.07487546476396,15.291771060508449,15.511787941388285,15.734971022802842,15.96136586623544,16.191018688543654,16.423976371382835,16.660286470764966,16.899997226754557,17.14315757330374,17.389817148228463,17.64002630332794,17.89383611464912,18.15129839289874,18.412465694004556,18.6773913298283,18.946129379032328,19.21873469810223,19.495262932527663,19.775770528143575,20.060314742634354,20.34895365720286,20.641746188407183,20.93875210016707,21.24003201594274,21.545647431088565,21.855660725383867,22.170135175743756,22.489134969112165,22.812725215540112,23.14097196145147,23.47394220309922,23.81170390021473,24.15432598985295,24.501878400436212,24.854432065999582,25.212058940640638,25.574832013176533,25.942825322011302,26.31611397021665,26.69477414082887,27.078883112365457,27.46851927456411,27.86376214434772,28.264692382018183,28.671391807682706,29.08394341791552,29.5024314026589,29.926941162366152,30.35755932539101,30.794373765626,31.237473620393978,31.686949308596294,32.142892549121015,32.605396379515426,33.07455517492599,33.550464667310166,34.03322196492341,34.522925572085924,35.019675409232505,35.523572833250086,36.03472065810661,36.55322317577596,37.07918617746252,37.6127169751302,38.153924423340015,38.70291894140068,39.25981253583658,39.82471882317799,40.397753053077636,40.979032131758856,41.56867464579945,42.1668008862567,42.773532873137675,43.38899438022064,44.01331096023172,44.64660997038233,45.289020598272714,45.94067388816632,46.60170276764066,47.27224207461987,47.95242858479464,48.642401039434624,49.3423001735995,50.05226874475368,50.772451561791264,51.50299551447617,52.24404960330419,52.99576496979239,53.758294927202414,54.53179499170338,55.31642291398124,56.112338711300296,56.91970470002402,57.73868552860094,58.569629113074846,59.4141544300567,60.27226986631601,61.14357509998127,62.027696605610174,62.924285986030235,63.833018447500606,64.75359139715945,65.68572314070508,66.62915165737945,67.58249242503612,68.5305662375992,69.47348479086256,70.41730034883159,71.3678030519998,72.33054068509745,73.31084061165703,74.31383291644865,75.34447364872096,76.40756693599522,77.50778463675995,78.64968211607015,335.2266964744933
rsav,0.3772988829114107,0.3360154284555574,0.3308785504254257,0.32599011547885737,0.32134403964168456,0.31693423893973927,0.3127546293988535,0.30879912704485946,0.305061647903589,0.3015361080008742,0.29821642336254733,0.29509651001444015,0.2921702839823849,0.2894316612922136,0.2868745579697582,0.28449289004085093,0.2822805735313237,0.2802315244670086,0.27833965887373774,0.2765988927773431,0.27500314220365674,0.27354632317851074,0.2722223517277371,0.271025143877168,0.26994861565263534,0.2689866830799712,0.2681332621850077,0.26738226899357687,0.26672761953151075,0.26616322982464136,0.26568301589880083,0.26528089377982117,0.26495077949353435,0.2646865890657726,0.2644822385223678,0.2643316438891521,0.2642287211919575,0.2641673864566162,0.2641385040304924,0.26411503742604264,0.264091907136481,0.26406911044457165,0.2640466446330785,0.2640245069847656,0.2640026947823967,0.26398120530873603,0.26396003584654754,0.26393918367859515,0.2639186460876428,0.2638984203564547,0.2638785037677947,0.26385889360442677,0.2638395871491148,0.263820581684623,0.2638018744937152,0.26378346285915555,0.26376534406370783,0.2637475153901362,0.2637299741212045,0.2637127175396769,0.2636957429283172,0.2636790475698895,0.26366262874715785,0.2636464837428861,0.26363060983983827,0.26361500432077833,0.2635996644684704,0.2635845875656783,0.2635697708951662,0.26355521173969787,0.26354090738203745,0.26352685510494894,0.2635130521911963,0.2634994959235434,0.2634861835847544,0.26347311245759325,0.26346027982482395,0.2634476829692103,0.26343531917351654,0.26342318572050655,0.26341127989294433,0.2633995989735938,0.26338814024521906,0.26337690099058403,0.26336587849245274,0.2633550700335891,0.2633444728967572,0.26333408436472105,0.26332390172024456,0.2633139222460916,0.26330414322502643,0.2632945619398129,0.2632851756732149,0.2632759817079966,0.2632669773269219,0.26325815981275474,0.2632495264482593,0.26324107451619927,0.26323280129933885,0.2632247040804421,0.2632167801422728,0.263209026767595,0.2632014412391727,0.26319402083977,0.26318676285215076,0.263179664559079,0.2631727232433187,0.2631659361876339,0.26315930067478854,0.2631528139875466,0.2631464734086721,0.263140276220929,0.2631342197070814,0.26312830114989305,0.2631225178321282,0.2631168670365507,0.2631113460459245,0.26310595214301363,0.2631006826105822,0.26309553473139413,0.26309050578821325,0.26308559306380375,0.2630807938409295,0.2630761054023546,0.2630715250308429,0.2630670500091585,0.2630626776200654,0.26305840514632745,0.2630542298707088,0.2630501490759733,0.26304616004488507,0.263042260060208,0.26303844640470614,0.2630347163611434,0.26303106721228386,0.2630274962408915,0.2630240007297302,0.2630205779615641,0.26301722521915705,0.26301393978527315,0.2630107189426763,0.26300755997413056,0.2630044601623999,0.2630014167902483,0.26299842714043975,0.2629954884957383,0.2629925981389078,0.2629897533527123,0.26298695141991585,0.2629841896232824,0.26298146524557586,0.26297877556956034,0.2629761178779998,0.2629734894536582,0.2629708875792995,0.2629683095376878,0.26296575261158694,0.26296321408376105,0.26296069123697396,0.26295818135398985,0.2629556817175725,0.26295318961048614,0.2629507023154945,0.26294821711536176,0.26294573129285187,0.2629432421307288,0.2629407469117565,0.262938242918699,0.26293572743432025,0.2629331977413843,0.2629306511226551,0.26292808486089664,0.26292549623887296,0.262922882539348,0.2629202410450857,0.26291756903885016,0.26291486380340523,0.26291212262151503,0.2629093427759435,0.26290652154945465,0.26290365622481243,0.26290074408478087,0.26289778241212386,0.2628947684896055,0.26289169959998976,0.2628885730260407,0.2628853860505221,0.2628821359561981,0.2628788200258326,0.26287543554218973,0.26287197978803334,0.26286845004612747,0.2628648435992362,0.26286115773012336,0.262857389721553,0.26285353685628915,0.26284959641709577,0.2628455656867368,0.2628414419479763,0.2628372224835782,0.26283290457630665,0.26282848550892546,0.26282396256419854,0.26281933302489013,0.2628145941737641,0.2628097432935845,0.26280477766711513,0.2627996945771201,0.26279449130636345,0.2627891651376092,0.2627837133536211,0.26277813323716337,0.26277242207100004,0.26276657713789486,0.26276059572061194,0.2627544751019153,0.262748212564569,0.2627418053913368,0.26273525086498284,0.26272854626827113,0.2627216888839657,0.2627146759948304,0.26270750488362915,0.2627001728331262,0.2626926771260854,0.26268501504527075,0.2626771838734462,0.2626691808933757,0.2626610033878234,0.26265264863955323,0.262644113931329,0.262635396545915,0.262626493766075,0.2626174028745731,0.2626081211541732,0.2625986458876393,0.2625889743577355,0.26257910384722566,0.26256903163887385,0.26255875501544396,0.2625482712597001,0.2625375776544062,0.2625266714823263,0.26251555002622423,0.2625042105688642,0.26249265039301006,0.2624808667814258,0.2624688570168754,0.262456618382123,0.26244414815993244,0.2624314436330677,0.2624185020842928,0.26240532079637174,0.26239189705206856,0.26237822813414724,0.26236431132537164,0.26235014390850586,0.2623357231663139,0.26232104638155973,0.2623061108370072,0.2622909138154206,0.2622754525995636,0.26225972447220036,0.26224372671609486,0.2622274566140111,0.262210911448713,0.2621940885029646,0.2621769850595298,0.26215959840117276,0.2621419258106573,0.2621239645707476,0.26210571196420734,0.2620871652738009,0.26206832178229195,0.26204917877244466,0.26202973352702286,0.26200998332879066,0.2619899254605121,0.2619672776680039,0.2619239096524428,0.26186075246890006,0.2617838034006556,0.26169905973098906,0.2616125187431803,0.261530177720509,0.2614580339462549,0.26140208470369763,0.26136832727611714,0.26137522923932466,0.261590567191526,0.26202610053529474,0.26263111242319936,0.2633548860078088,0.2641467044416918,0.26495585087741697,0.2657316084675531,0.26642326036466907,0.26698008972133336,0.2673513796901149,0.26748641342358237,-8.38328547989724
inv,0.3772988829114107,0.35567171778055284,0.36772286316328096,0.3792433123513957,0.39024705380300595,0.40075525945359664,0.41079491772903887,0.42039753997590806,0.42959797622097007,0.43843336045149345,0.44694219357714743,0.4551635634905529,0.4631364956547583,0.47089942385825395,0.4784897686776361,0.48594361032937944,0.4932954426084494,0.5005779952117299,0.5078221127057213,0.5150566795555581,0.5223085818679493,0.5296026977328769,0.5369619092247755,0.5444071302114334,0.551957345101109,0.5596296545291362,0.567439324745504,0.5753998381200206,0.5835229427398981,0.5918186995454255,0.6002955258428195,0.6089602343591417,0.6178180672716148,0.6268727248612469,0.6361263886160565,0.6455797387491257,0.655231966207125,0.6650807793309765,0.6751146055766261,0.6852732008141701,0.695547497300737,0.7059407218943143,0.7164560867518662,0.7270967894781343,0.737866013542158,0.7487669289361356,0.7598026930500296,0.7709764517353419,0.7822913405322516,0.7937504860356757,0.8053570073774942,0.8171140178040666,0.8290246263301393,0.841091939452202,0.8533190629062688,0.8657091034568849,0.8782651707058569,0.8909903789107886,0.9038878488049412,0.9169607094112467,0.9302120998444706,0.943645171096578,0.9572630878012777,0.9710690299745439,0.9850661947286358,0.9992577979577527,1.013647075994022,1.028237287232972,1.0430317137280518,1.0580336627541038,1.073246468339983,1.0886734927707584,1.104318128060147,1.120183797393978,1.1362739565456506,1.1525920952646243,1.1691417386390963,1.1859264484340712,1.2029498244060788,1.220215505595825,1.2377271716001004,1.2554885438242547,1.2735033867165657,1.291775508985816,1.3103087648033855,1.329107054991135,1.348174328196354,1.3675145820550056,1.387131864344472,1.4070302741269938,1.4272139628849367,1.4476871356490035,1.4684540521204805,1.489519027788559,1.5108864350437468,1.5325607042883531,1.5545463250449976,1.5768478470640515,1.5994698814309076,1.622417101673922,1.6456942448738514,1.669306112775596,1.6932575729029982,1.7175535596774414,1.7421990755409744,1.767199192084635,1.7925590511826572,1.818283866133186,1.844378922806142,1.8708495807988255,1.8977012745998512,1.9249395147619666,1.9525698890843173,1.9805980638046785,2.009029784802175,2.037870878810985,2.0671272546455257,2.09680490443758,2.1269099048858524,2.1574484185183693,2.1884266949682103,2.2198510722629634,2.251727978128351,2.284063931306432,2.3168655428887894,2.3501395176651076,2.383892655487525,2.4181318526511553,2.452864103291171,2.4880965007967952,2.523836239242623,2.560090614837587,2.5968670273919887,2.634172981802917,2.6720160895584346,2.710404070260887,2.7493447531696935,2.7888460787639713,2.8289161003253462,2.8695629855413154,2.910795018129493,2.952620599483115,2.995048250338146,3.038086612462328,3.0817444503665534,3.126030653038891,3.170954235701636,3.216524341591729,3.262750243764918,3.3096413469240042,3.3572071892715507,3.405457444387406,3.454401923131418,3.504050575571695,3.5544134929388003,3.6055009096062425,3.657323205097635,3.709890906120929,3.7632146886300593,3.817305379914444,3.872173960716673,3.927831567378827,3.984289494017778,4.041559194729919,4.099652285825684,4.158580548094305,4.218355929099185,4.278990545504329,4.340496685432254,4.402886810853768,4.466173560010114,4.530369749867846,4.5954883786069285,4.661542628142468,4.7285458666805535,4.796511651308654,4.865453730621005,4.9353860473795095,5.006322741210559,5.078278151338288,5.151266819354744,5.225303492027446,5.300403124144825,5.3765808814000655,5.453852143313821,5.532232506196345,5.611737786149523,5.692384022109369,5.774187478929478,5.857164650505971,5.941332262944515,6.026707277769918,6.113306895178875,6.201148557336423,6.290249951716692,6.380629014488475,6.472303933946272,6.565293153987319,6.659615377635273,6.755289570611078,6.852334964951696,6.950771062677269,7.050617639507344,7.151894748626856,7.254622724502357,7.3588221867493475,7.464514044051174,7.571719498130263,7.680460047772361,7.7907574929043735,7.90263393872661,8.016111799900036,8.131213804789285,8.247962999762088,8.366382753545954,8.486496761642677,8.608329050801531,8.731903983551819,8.857246262795611,8.98438093646134,9.113333402219112,9.244129412258438,9.376795078129266,9.51135687564703,9.647841649862574,9.786276620097738,9.926689385047506,10.069107927949423,10.213560621821305,10.360076234767888,10.508683935357533,10.659413298069612,10.812294308813676,10.967357370521162,11.124633308810594,11.284153377727268,11.445949265558184,11.610053100723386,11.776497457744439,11.94531536329119,12.116540302307655,12.290206224218128,12.466347549214394,12.644999174625157,12.826196481368637,13.009975340489397,13.196372119780431,13.385423690491582,13.577167434125332,13.771641249321075,13.968883558828892,14.168933316574119,14.371830014813504,14.577613691384455,14.786324937048164,14.998004902928082,15.212695308044637,15.430438446947608,15.651277197447133,15.875255028444716,16.10241600786544,16.332804810692473,16.566466727105336,16.80344767072297,17.043794186953072,17.28755346144883,17.534773328674493,17.785502280580964,18.0397894753929,18.297684746508438,18.559238611513234,18.824502281309776,19.093527669363894,19.366367401069184,19.64307482323153,19.923704013674463,20.208309790967384,20.496947724277614,20.78949324129676,21.084530200248555,21.38206577280954,21.682533811804113,21.986413660874735,22.29423082702018,22.60655771617034,22.924014444466085,23.247269737231793,23.577041927128434,23.91524106613295,24.277790742551158,24.66735791543865,25.080762473214556,25.514402091841465,25.964243236769292,26.42580881160232,26.89416374176616,27.363899692254286,27.829120041508478,28.28342616764562,28.719906049056966,-226.2578616797144
periodu,0.6227011170885892,0.7028264571852294,0.7436301172293218,0.7841150054132795,0.8241742693313888,0.8637192283589834,0.9026785823071679,0.9409973059196135,0.9786353404650372,1.0155661733297887,1.051775377164392,1.0872591627839128,1.1220229851180399,1.1560802291480852,1.1894509928313632,1.2221609762548469,1.2542404803824048,1.2857235144553685,1.3166470080819956,1.3470501220438575,1.3769736506279533,1.4064595076701512,1.4355502883107794,1.464288898590107,1.4927182453503607,1.5208809793848677,1.5488192853257066,1.5765747123459382,1.6041880403402091,1.6316991768169054,1.6591470802719548,1.6865697063103466,1.714003973231918,1.7414857442014748,1.7690498234805379,1.7967299645108086,1.8245588879109271,1.852568307681518,1.8807967639323429,1.9093280286067782,1.9381852241691506,1.9673773375554748,1.996913317155765,2.026802073100135,2.057052478294986,2.0876733701390364,2.118673552845538,2.150061800296906,2.1818468593600975,2.2140374535947904,2.246642287291027,2.279670049778175,2.313129419952527,2.347029070976249,2.3813776751057203,2.416183908612341,2.451456456763624,2.4872040188367417,2.523435313140747,2.5601590820272735,2.597384096872814,2.6351191630185924,2.673373124656634,2.712154869652929,2.751473334300586,2.791337507997639,2.8317564378456783,2.8727392331668122,2.9142950699375656,2.956433195139331,2.999162931025748,3.0424936793081434,3.0864349252606824,3.1309962417473827,3.176187293173542,3.222017839364425,3.268497739374305,3.315636955229164,3.363445555606476,3.411933719455611,3.4611117395624658,3.5109900260619487,3.5615791099019662,3.612889646262549,3.6649324179337133,3.7177183386556125,3.7712584564244898,3.82556395676787,3.880646165992332,3.9365165544071683,3.9931867395271152,4.050668489257271,4.108973725063225,4.168114525129335,4.228103127507979,4.288951933262573,4.350673509606967,4.4132805930438606,4.476786092504682,4.541203092493368,4.606544856236374,4.672824828841155,4.740056640465328,4.808254109498568,4.877431245759348,4.947602253708421,5.018781535681016,5.090983695139536,5.164223539948614,5.238516085674197,5.313876558908412,5.390320400621771,5.467863269544386,5.546521045577689,5.626309833238168,5.7072459651346215,5.789346005480326,5.87262675364153,5.957105247723659,6.0427987681965405,6.12972484156,6.2179012440510775,6.307346005394168,6.398077412595297,6.4901140137818025,6.583474622088577,6.6781783195921065,6.774244461293492,6.871692679151575,6.970542886167367,7.070815280520927,7.17253034976181,7.275708875054214,7.380371935478003,7.486540912386651,7.594237493823297,7.703483678995998,7.814301782813281,7.926714440481151,8.040744612162637,8.15641558770101,8.27375099140779,8.392774786916677,8.51351128210451,8.635985134080423,8.760221354244294,8.886245313415701,9.014082747034433,9.143759760433838,9.275302834188079,9.408738829534537,9.544094993872505,9.68139896633942,9.820678783465794,9.961962884910093,10.10528011927478,10.250659750004802,10.398131461369704,10.547725364530734,10.699472003694138,10.853402362352021,11.009547869612003,11.167940406617106,11.328612313057064,11.491596393772609,11.656925925453942,11.82463466343486,11.994756848583954,12.167327214294282,12.342380993572956,12.519953926232175,12.700082266183083,12.882802788834047,13.068152798594838,13.256170136488256,13.446893187870787,13.640360890263842,13.836612741297227,14.035688806766435,14.237629728805437,14.442476734176617,14.650271642679577,14.861056875680532,15.07487546476396,15.291771060508449,15.511787941388285,15.734971022802842,15.96136586623544,16.191018688543654,16.423976371382835,16.660286470764966,16.899997226754557,17.14315757330374,17.389817148228463,17.64002630332794,17.89383611464912,18.15129839289874,18.412465694004556,18.6773913298283,18.946129379032328,19.21873469810223,19.495262932527663,19.775770528143575,20.060314742634354,20.34895365720286,20.641746188407183,20.93875210016707,21.24003201594274,21.545647431088565,21.855660725383867,22.170135175743756,22.489134969112165,22.812725215540112,23.14097196145147,23.47394220309922,23.81170390021473,24.15432598985295,24.501878400436212,24.854432065999582,25.212058940640638,25.574832013176533,25.942825322011302,26.31611397021665,26.69477414082887,27.078883112365457,27.46851927456411,27.86376214434772,28.264692382018183,28.671391807682706,29.08394341791552,29.5024314026589,29.926941162366152,30.35755932539101,30.794373765626,31.237473620393978,31.686949308596294,32.142892549121015,32.605396379515426,33.07455517492599,33.550464667310166,34.03322196492341,34.522925572085924,35.019675409232505,35.523572833250086,36.03472065810661,36.55322317577596,37.07918617746252,37.6127169751302,38.153924423340015,38.70291894140068,39.25981253583658,39.82471882317799,40.397753053077636,40.979032131758856,41.56867464579945,42.1668008862567,42.773532873137675,43.38899438022064,44.01331096023172,44.64660997038233,45.289020598272714,45.94067388816632,46.60170276764066,47.27224207461987,47.95242858479464,48.642401039434624,49.3423001735995,50.05226874475368,50.772451561791264,51.50299551447617,52.24404960330419,52.99576496979239,53.758294927202414,54.53179499170338,55.31642291398124,56.112338711300296,56.91970470002402,57.73868552860094,58.569629113074846,59.4141544300567,60.27226986631601,61.14357509998127,62.027696605610174,62.924285986030235,63.833018447500606,64.75359139715945,65.68572314070508,66.62915165737945,67.58249242503612,68.5305662375992,69.47348479086256,70.41730034883159,71.3678030519998,72.33054068509745,73.31084061165703,74.31383291644865,75.34447364872096,76.40756693599522,77.50778463675995,78.64968211607015,335.2266964744933
cemutotper,0.6227011170885892,0.6820547962351277,0.7003244705116725,0.716627156286314,0.7309770028864395,0.743410029240273,0.7539805302801355,0.7627575916788274,0.7698218246341505,0.7752623918621071,0.7791743634677677,0.7816564165166809,0.7828088740244052,0.7827320666161245,0.781524992165709,0.7792842442736401,0.7761031785915878,0.7720712860054172,0.7672737429532251,0.7617911112191175,0.7556991620594915,0.7490688022333197,0.74196608224337,0.7344522697318899,0.7265839734368986,0.7184133053614081,0.709988070818764,0.7013519777902038,0.6925448585739413,0.6836028980335397,0.6745588638857772,0.6654423354250889,0.6562799278835778,0.6470955102924487,0.6379104152611593,0.6287436395414784,0.6196120346102568,0.6105304868003424,0.6015145812761118,0.5925923001111443,0.5837701711335022,0.5750497932649961,0.5664325029822458,0.5579193938302076,0.549511334948932,0.5412089886183307,0.533012826830854,0.5249231469072763,0.5169400861758144,0.5090636357393608,0.5012936533594815,0.49362987548903214,0.4860719284877278,0.4786193390568143,0.47127154393018494,0.46402789885993667,0.45688768693452053,0.4498501262673988,0.44291437709354087,0.43607954831022205,0.42934470349750586,0.4227088664525396,0.41617102627041025,0.40973014200283964,0.4033851469244743,0.39713495243497654,0.3909784516235635,0.3849145225211003,0.37894203106333374,0.37305983378738194,0.3672667802821574,0.36156171541204085,0.35594348133179166,0.3504109193094433,0.34496287137273407,0.339598181793504,0.33431569842342834,0.3291142738934596,0.32399276668842025,0.3189500421073079,0.31398497311906504,0.3090964411227958,0.3042833366207101,0.2995445598114155,0.29487902111055964,0.2902856416052696,0.28576335344829934,0.2813111001973208,0.27692783710433494,0.2726125313597756,0.26836416229548943,0.26418172155042646,0.26006421320255174,0.25601065387018807,0.25202007278572797,0.248091511844399,0.2442240256305353,0.24041668142359546,0.23666855918597202,0.23297875153445813,0.22934636369707231,0.22577051345679391,0.22225033108362083,0.21878495925623814,0.21537355297446786,0.2120152794635672,0.20870931807134263,0.20545486015896236,0.20225110898626722,0.19909727959230397,0.1959925986717442,0.19293630444778084,0.18992764654204908,0.1869658858420569,0.18405029436657103,0.18118015512935917,0.17835476200164796,0.1755734195736252,0.172835443015279,0.1701401579368395,0.16748690024905985,0.1648750160235509,0.16230386135336103,0.1597728022139707,0.15728121432485756,0.15482848301176474,0.15241400306979663,0.1500371786274471,0.14769742301165686,0.14539415861398142,0.14312681675794514,0.14089483756764393,0.1386976698376516,0.13653477090428012,0.13440560651823136,0.13230965071867778,0.13024638570880054,0.12821530173280707,0.1262158969544499,0.124247677337061,0.12231015652511229,0.12040285572731134,0.11852530360123671,0.11667703613951597,0.11485759655754525,0.11306653518274867,0.11130340934537321,0.10956778327081303,0.10785922797345592,0.10617732115204173,0.10452164708652513,0.10289179653642837,0.10128736664067435,0.09970796081888547,0.09815318867413582,0.09662266589714073,0.09511601417187017,0.09363286108257021,0.09217284002217638,0.09073559010210322,0.08932075606339357,0.08792798818921135,0.08655694221866052,0.0852072792619129,0.08387866571663008,0.08257077318565959,0.08128327839598991,0.08001586311894679,0.07876821409161452,0.07754002293946372,0.07633098610017004,0.07514080474860674,0.07396918472299352,0.07281583645218628,0.07168047488408978,0.07056281941517878,0.0694625938211094,0.0683795261884058,0.06731334884720648,0.06626379830505331,0.06523061518170899,0.06421354414498626,0.06321233384757524,0.06222673686485212,0.061256509633655615,0.06030141239201558,0.05936120911982052,0.05843566748040822,0.05752455876306638,0.056627657826429104,0.05574474304275554,0.054875596243076814,0.05402000266319808,0.053177750890543024,0.052348632811827216,0.051532443561546994,0.05072898147127333,0.04993804801973557,0.04915944778368496,0.048392988389524466,0.047638480465694175,0.04689573759579946,0.04616457627247088,0.045444815851945035,0.04473627850935375,0.04403878919471211,0.04335217558959315,0.04267626806447968,0.042010899636781826,0.04135590592951024,0.04071112513059487,0.040076397952839106,0.03945156759449946,0.03883647970048063,0.03823098232413729,0.03763492588967202,0.03704816315512092,0.036470549175917105,0.035901941269023796,0.03534219897762738,0.03479118403638201,0.03424876033719728,0.0337147938955603,0.03318915281738376,0.03267170726637196,0.03216232943189669,0.03166089349737488,0.031167275609140017,0.030681353845800365,0.030203008188075205,0.029732120489102874,0.029268574445211977,0.028812255567149933,0.02836305115176035,0.027920850254102958,0.027485543660009354,0.027057023859067,0.026635185018025597,0.026219922954618485,0.0258111351117934,0.025408720532345323,0.025012579833945767,0.02462261518456212,0.024238730278260852,0.023860830311388588,0.023488821959125356,0.02312261335240398,0.022762114055189926,0.02240723504211606,0.022057888676466634,0.021713988688505197,0.02137545015414099,0.021042189473928326,0.020714124352394298,0.020391173777688943,0.020073258001553546,0.019760298519601413,0.019452218051907045,0.019148940523898057,0.018850391047545535,0.018556495902848403,0.018267182519606615,0.017982379459479125,0.01770201639832191,0.017426024108802004,0.017154334443282748,0.016886880316976435,0.01662359569136001,0.016364415557849694,0.016109275921730434,0.015858113786336517,0.015610867137478805,0.015367474928115469,0.015127877063261934,0.014892014385136305,0.014659828658536826,0.014431262556447774,0.01420625964586966,0.013984807568277906,0.013767183693640961,0.013553264047023904,0.013342842086113296,0.013135733749285838,0.01293177515343193,0.012730820518426972,0.012532740293707377,0.01233741946482293,0.012144756020081075,0.01195445773089636,0.01176389561234613,0.011573296806022863,0.01138383373516121,0.011196509847493008,0.011012177820884756,0.010831556487604303,0.010655246392906754,0.010483743915541209,0.010317453893985069,0.010156700720944501,0.010001737888300237,0.04137026093654201
eGross,1.0,1.0479659421486707,1.0893467169563376,1.1289758833912351,1.1668031819489173,1.2028053393377955,1.2369827581368689,1.269356140764795,1.2999631941591212,1.3288555172925403,1.3560957370749,1.3817549292537996,1.4059103389533527,1.4286433995055867,1.4500380371752042,1.4701792422412694,1.4891518827719916,1.5070397355391358,1.5239247082336937,1.539886227960697,1.5550007725190007,1.569341522917991,1.5829781177325604,1.5959764920978288,1.6083987862918319,1.620303310880611,1.631744557265858,1.6427732441604803,1.6534363920160666,1.663777418741593,1.6738362511944107,1.6836494479057593,1.6932503293388494,1.702669112683693,1.711933048784944,1.721066559291721,1.7300913725256268,1.7390266568973225,1.7478891509742858,1.7566925989608428,1.7654438391012648,1.7741481988477925,1.7828107378209852,1.791436256055361,1.8000293027018854,1.8085941850848117,1.8171349780140444,1.8256555332606903,1.8341594891115365,1.8426502799271869,1.85113114563779,1.859605141119401,1.8680751454027342,1.8765438706741653,1.8850138710363318,1.8934875510023843,1.9019671737039945,1.9104548687984906,1.9189526400651598,1.9274623726847304,1.9359858401994783,1.9445247111543014,1.9530805554215305,1.9616548502142428,1.9702489857944894,1.9788642708841437,1.9875019377871184,1.9961631472324686,2.004848992948467,2.0135605059781483,2.022298658747023,2.0310643688938166,2.0398585028750533,2.0486818793542407,2.057535272386257,2.06641941440732,2.075334999040646,2.08428268372765,2.0932630921941557,2.102276816760792,2.111324420506369,2.1204064392926663,2.1295233836586975,2.138675740592153,2.1478639751853468,2.1570885321826303,2.1663498374259076,2.1756482992045094,2.1849843095153654,2.194358245239105,2.2037704692373725,2.2132213313763756,2.2227111694813835,2.232240310226619,2.241809069964727,2.251417755499758,2.2610666648073647,2.2707560877056805,2.2804863064801473,2.2902575964653407,2.3000702265866706,2.3099244598646376,2.3198205538841656,2.3297587612313593,2.339739329899903,2.3497625036691536,2.3598285224558624,2.369937622641319,2.380090037375616,2.3902859968605927,2.400525728612944,2.41080945770884,2.4211374070113654,2.4315097973819544,2.4419268478769336,2.4523887759302254,2.462895797523165,2.473448127342336,2.4840459789262823,2.4946895648018437,2.5053790966108878,2.5161147852280776,2.5268968408703403,2.5377254731985976,2.548600891412326,2.5595233043374512,2.570492920508038,2.5815099482422403,2.592574595712903,2.6036870710131996,2.614847582217674,2.6260563374389942,2.637313544880744,2.64861941288653,2.659974149985663,2.671377964935671,2.682831066761866,2.6943336647941716,2.7058859687014243,2.7174881885233155,2.7291405347001487,2.74084321810058,2.752596450047473,2.7644004423420143,2.7762554072862122,2.7881615577038974,2.8001191069603384,2.8121282689805542,2.824189258266452,2.8363022899128367,2.848467579622412,2.860685343719809,2.872955799164748,2.8852791635643738,2.897655655184832,2.9100854929621445,2.922568896512428,2.9351060861415124,2.9476972828539942,2.9603427083617744,2.97304258509211,2.9857971361952225,2.9986065855514914,3.0114711577782596,3.024391078236289,3.0373665730358854,3.050397869042712,3.0634851938833214,3.0766287759504327,3.089828844407948,3.1030856291957605,3.1163993610343406,3.1297702714291313,3.1431985926747643,3.156684557859104,3.1702284008671455,3.1838303563847514,3.197490659902274,3.2112095477180405,3.224987256941725,3.238824025497612,3.2527200921277664,3.2666756963951027,3.2806910786863694,3.2947664802150625,3.3089021430242442,3.323098309989313,3.3373552248206946,3.3516731320664825,3.3660522771150063,3.380492906197368,3.394995266389915,3.409559605616664,3.4241861726516927,3.4388752171214905,3.4536269895072502,3.468441741147158,3.4833197242386196,3.4982611918404714,3.5132663978751544,3.5283355971308645,3.5434690452636692,3.5586669987996067,3.5739297151367593,3.589257452547294,3.604650470179496,3.6201090280597734,3.6356333870946367,3.651223809072672,3.666880556666485,3.6826038934346306,3.6983940838235263,3.7142513931693486,3.73017608769991,3.7461684345365263,3.762228701695862,3.778357158091767,3.7945540735370917,3.810819718745491,3.8271543653332234,3.8435582858209165,3.860031753635335,3.8765750431111283,3.8931884294925676,3.9098721889352652,3.926626598507885,3.943451936193842,3.9603484808929754,3.977316512423228,3.9943563115222913,4.011468159849263,4.028652339986261,4.045909135440049,4.06323883064364,4.08064171095788,4.098118062673032,4.115668173010326,4.133292330123527,4.150990823100451,4.1687639419644995,4.186611977676161,4.204535222134501,4.222533968178653,4.240608509589269,4.258759141089978,4.276986158348816,4.295289857979651,4.313670537543581,4.332128495550332,4.350664031459627,4.369277445682543,4.387969039582857,4.406739115478372,4.425587976642224,4.444515927304179,4.463523272651911,4.4826103188322515,4.501777372952447,4.521024743081376,4.540352738250753,4.559761668456322,4.579251844659036,4.5988235787861935,4.618477183732586,4.638212973361606,4.658031262506346,4.677932366970676,4.697916603530298,4.717984289933787,4.738135744903602,4.758371288137086,4.77869124030744,4.799095923064678,4.819585659036561,4.840160771829506,4.8608215860294735,4.88156842720284,4.902401621897231,4.9233214976423625,4.944326928554111,4.965405263835791,4.986545256923941,5.007740243286614,5.028987862615924,5.050289803051667,5.0716515658405985,5.093082248817082,5.114594347095469,5.1362035693875505,5.157936979651255,5.179932304524431,5.202326673324708,5.225214557196878,5.248650326549823,5.2726506536819775,5.2971967847208905,5.3222366911013985,5.347687099977983,5.373435394754627,5.399341370891948,5.425238827894127
eInd,0.0,0.0,0.0,0.0,0.0,0.0,0.0,0.0,0.0,0.0,0.0,0.0,0.0,0.0,0.0,0.0,0.0,0.0,0.0,0.0,0.0,0.0,0.0,0.0,0.0,0.0,0.0,0.0,0.0,0.0,0.0,0.0,0.0,0.0,0.0,0.0,0.0,0.0,0.0,0.0,0.0,0.0,0.0,0.0,0.0,0.0,0.0,0.0,0.0,0.0,0.0,0.0,0.0,0.0,0.0,0.0,0.0,0.0,0.0,0.0,0.0,0.0,0.0,0.0,0.0,0.0,0.0,0.0,0.0,0.0,0.0,0.0,0.0,0.0,0.0,0.0,0.0,0.0,0.0,0.0,0.0,0.0,0.0,0.0,0.0,0.0,0.0,0.0,0.0,0.0,0.0,0.0,0.0,0.0,0.0,0.0,0.0,0.0,0.0,0.0,0.0,0.0,0.0,0.0,0.0,0.0,0.0,0.0,0.0,0.0,0.0,0.0,0.0,0.0,0.0,0.0,0.0,0.0,0.0,0.0,0.0,0.0,0.0,0.0,0.0,0.0,0.0,0.0,0.0,0.0,0.0,0.0,0.0,0.0,0.0,0.0,0.0,0.0,0.0,0.0,0.0,0.0,0.0,0.0,0.0,0.0,0.0,0.0,0.0,0.0,0.0,0.0,0.0,0.0,0.0,0.0,0.0,0.0,0.0,0.0,0.0,0.0,0.0,0.0,0.0,0.0,0.0,0.0,0.0,0.0,0.0,0.0,0.0,0.0,0.0,0.0,0.0,0.0,0.0,0.0,0.0,0.0,0.0,0.0,0.0,0.0,0.0,0.0,0.0,0.0,0.0,0.0,0.0,0.0,0.0,0.0,0.0,0.0,0.0,0.0,0.0,0.0,0.0,0.0,0.0,0.0,0.0,0.0,0.0,0.0,0.0,0.0,0.0,0.0,0.0,0.0,0.0,0.0,0.0,0.0,0.0,0.0,0.0,0.0,0.0,0.0,0.0,0.0,0.0,0.0,0.0,0.0,0.0,0.0,0.0,0.0,0.0,0.0,0.0,0.0,0.0,0.0,0.0,0.0,0.0,0.0,0.0,0.0,0.0,0.0,0.0,0.0,0.0,0.0,0.0,0.0,0.0,0.0,0.0,0.0,0.0,0.0,0.0,0.0,0.0,0.0,0.0,0.0,0.0,0.0,0.0,0.0,0.0,0.0,0.0,0.0,0.0,0.0,0.0,0.0,0.0,0.0,0.0,0.0,0.0,0.0,0.0,0.0,0.0,0.0,0.0,0.0,0.0,0.0,0.0,0.0,0.0,0.0,0.0,0.0,5.336407849838453
abateAmount,1.0,1.0479659421486707,1.0893467169563376,1.1289758833912351,1.1668031819489173,1.2028053393377955,1.2369827581368689,1.269356140764795,1.2999631941591212,1.3288555172925403,1.3560957370749,1.3817549292537996,1.4059103389533527,1.4286433995055867,1.4500380371752042,1.4701792422412694,1.4891518827719916,1.5070397355391358,1.5239247082336937,1.539886227960697,1.5550007725190007,1.569341522917991,1.5829781177325604,1.5959764920978288,1.6083987862918319,1.620303310880611,1.631744557265858,1.6427732441604803,1.6534363920160666,1.663777418741593,1.6738362511944107,1.6836494479057593,1.6932503293388494,1.702669112683693,1.711933048784944,1.721066559291721,1.7300913725256268,1.7390266568973225,1.7478891509742858,1.7566925989608428,1.7654438391012648,1.7741481988477925,1.7828107378209852,1.791436256055361,1.8000293027018854,1.8085941850848117,1.8171349780140444,1.8256555332606903,1.8341594891115365,1.8426502799271869,1.85113114563779,1.859605141119401,1.8680751454027342,1.8765438706741653,1.8850138710363318,1.8934875510023843,1.9019671737039945,1.9104548687984906,1.9189526400651598,1.9274623726847304,1.9359858401994783,1.9445247111543014,1.9530805554215305,1.9616548502142428,1.9702489857944894,1.9788642708841437,1.9875019377871184,1.9961631472324686,2.004848992948467,2.0135605059781483,2.022298658747023,2.0310643688938166,2.0398585028750533,2.0486818793542407,2.057535272386257,2.06641941440732,2.075334999040646,2.08428268372765,2.0932630921941557,2.102276816760792,2.111324420506369,2.1204064392926663,2.1295233836586975,2.138675740592153,2.1478639751853468,2.1570885321826303,2.1663498374259076,2.1756482992045094,2.1849843095153654,2.194358245239105,2.2037704692373725,2.2132213313763756,2.2227111694813835,2.232240310226619,2.241809069964727,2.251417755499758,2.2610666648073647,2.2707560877056805,2.2804863064801473,2.2902575964653407,2.3000702265866706,2.3099244598646376,2.3198205538841656,2.3297587612313593,2.339739329899903,2.3497625036691536,2.3598285224558624,2.369937622641319,2.380090037375616,2.3902859968605927,2.400525728612944,2.41080945770884,2.4211374070113654,2.4315097973819544,2.4419268478769336,2.4523887759302254,2.462895797523165,2.473448127342336,2.4840459789262823,2.4946895648018437,2.5053790966108878,2.5161147852280776,2.5268968408703403,2.5377254731985976,2.548600891412326,2.5595233043374512,2.570492920508038,2.5815099482422403,2.592574595712903,2.6036870710131996,2.614847582217674,2.6260563374389942,2.637313544880744,2.64861941288653,2.659974149985663,2.671377964935671,2.682831066761866,2.6943336647941716,2.7058859687014243,2.7174881885233155,2.7291405347001487,2.74084321810058,2.752596450047473,2.7644004423420143,2.7762554072862122,2.7881615577038974,2.8001191069603384,2.8121282689805542,2.824189258266452,2.8363022899128367,2.848467579622412,2.860685343719809,2.872955799164748,2.8852791635643738,2.897655655184832,2.9100854929621445,2.922568896512428,2.9351060861415124,2.9476972828539942,2.9603427083617744,2.97304258509211,2.9857971361952225,2.9986065855514914,3.0114711577782596,3.024391078236289,3.0373665730358854,3.050397869042712,3.0634851938833214,3.0766287759504327,3.089828844407948,3.1030856291957605,3.1163993610343406,3.1297702714291313,3.1431985926747643,3.156684557859104,3.1702284008671455,3.1838303563847514,3.197490659902274,3.2112095477180405,3.224987256941725,3.238824025497612,3.2527200921277664,3.2666756963951027,3.2806910786863694,3.2947664802150625,3.3089021430242442,3.323098309989313,3.3373552248206946,3.3516731320664825,3.3660522771150063,3.380492906197368,3.394995266389915,3.409559605616664,3.4241861726516927,3.4388752171214905,3.4536269895072502,3.468441741147158,3.4833197242386196,3.4982611918404714,3.5132663978751544,3.5283355971308645,3.5434690452636692,3.5586669987996067,3.5739297151367593,3.589257452547294,3.604650470179496,3.6201090280597734,3.6356333870946367,3.651223809072672,3.666880556666485,3.6826038934346306,3.6983940838235263,3.7142513931693486,3.73017608769991,3.7461684345365263,3.762228701695862,3.778357158091767,3.7945540735370917,3.810819718745491,3.8271543653332234,3.8435582858209165,3.860031753635335,3.8765750431111283,3.8931884294925676,3.9098721889352652,3.926626598507885,3.943451936193842,3.9603484808929754,3.977316512423228,3.9943563115222913,4.011468159849263,4.028652339986261,4.045909135440049,4.06323883064364,4.08064171095788,4.098118062673032,4.115668173010326,4.133292330123527,4.150990823100451,4.1687639419644995,4.186611977676161,4.204535222134501,4.222533968178653,4.240608509589269,4.258759141089978,4.276986158348816,4.295289857979651,4.313670537543581,4.332128495550332,4.350664031459627,4.369277445682543,4.387969039582857,4.406739115478372,4.425587976642224,4.444515927304179,4.463523272651911,4.4826103188322515,4.501777372952447,4.521024743081376,4.540352738250753,4.559761668456322,4.579251844659036,4.5988235787861935,4.618477183732586,4.638212973361606,4.658031262506346,4.677932366970676,4.697916603530298,4.717984289933787,4.738135744903602,4.758371288137086,4.77869124030744,4.799095923064678,4.819585659036561,4.840160771829506,4.8608215860294735,4.88156842720284,4.902401621897231,4.9233214976423625,4.944326928554111,4.965405263835791,4.986545256923941,5.007740243286614,5.028987862615924,5.050289803051667,5.0716515658405985,5.093082248817082,5.114594347095469,5.1362035693875505,5.157936979651255,5.179932304524431,5.202326673324708,5.225214557196878,5.248650326549823,5.2726506536819775,5.2971967847208905,5.3222366911013985,5.347687099977983,5.373435394754627,5.399341370891948,0.08883097805567325
abateAmountTech_0,1.0,1.0479659421486707,1.0893467169563376,1.1289758833912351,1.1668031819489173,1.2028053393377955,1.2369827581368689,1.269356140764795,1.2999631941591212,1.3288555172925403,1.3560957370749,1.3817549292537996,1.4059103389533527,1.4286433995055867,1.4500380371752042,1.4701792422412694,1.4891518827719916,1.5070397355391358,1.5239247082336937,1.539886227960697,1.5550007725190007,1.569341522917991,1.5829781177325604,1.5959764920978288,1.6083987862918319,1.620303310880611,1.631744557265858,1.6427732441604803,1.6534363920160666,1.663777418741593,1.6738362511944107,1.6836494479057593,1.6932503293388494,1.702669112683693,1.711933048784944,1.721066559291721,1.7300913725256268,1.7390266568973225,1.7478891509742858,1.7566925989608428,1.7654438391012648,1.7741481988477925,1.7828107378209852,1.791436256055361,1.8000293027018854,1.8085941850848117,1.8171349780140444,1.8256555332606903,1.8341594891115365,1.8426502799271869,1.85113114563779,1.859605141119401,1.8680751454027342,1.8765438706741653,1.8850138710363318,1.8934875510023843,1.9019671737039945,1.9104548687984906,1.9189526400651598,1.9274623726847304,1.9359858401994783,1.9445247111543014,1.9530805554215305,1.9616548502142428,1.9702489857944894,1.9788642708841437,1.9875019377871184,1.9961631472324686,2.004848992948467,2.0135605059781483,2.022298658747023,2.0310643688938166,2.0398585028750533,2.0486818793542407,2.057535272386257,2.06641941440732,2.075334999040646,2.08428268372765,2.0932630921941557,2.102276816760792,2.111324420506369,2.1204064392926663,2.1295233836586975,2.138675740592153,2.1478639751853468,2.1570885321826303,2.1663498374259076,2.1756482992045094,2.1849843095153654,2.194358245239105,2.2037704692373725,2.2132213313763756,2.2227111694813835,2.232240310226619,2.241809069964727,2.251417755499758,2.2610666648073647,2.2707560877056805,2.2804863064801473,2.2902575964653407,2.3000702265866706,2.3099244598646376,2.3198205538841656,2.3297587612313593,2.339739329899903,2.3497625036691536,2.3598285224558624,2.369937622641319,2.380090037375616,2.3902859968605927,2.400525728612944,2.41080945770884,2.4211374070113654,2.4315097973819544,2.4419268478769336,2.4523887759302254,2.462895797523165,2.473448127342336,2.4840459789262823,2.4946895648018437,2.5053790966108878,2.5161147852280776,2.5268968408703403,2.5377254731985976,2.548600891412326,2.5595233043374512,2.570492920508038,2.5815099482422403,2.592574595712903,2.6036870710131996,2.614847582217674,2.6260563374389942,2.637313544880744,2.64861941288653,2.659974149985663,2.671377964935671,2.682831066761866,2.6943336647941716,2.7058859687014243,2.7174881885233155,2.7291405347001487,2.74084321810058,2.752596450047473,2.7644004423420143,2.7762554072862122,2.7881615577038974,2.8001191069603384,2.8121282689805542,2.824189258266452,2.8363022899128367,2.848467579622412,2.860685343719809,2.872955799164748,2.8852791635643738,2.897655655184832,2.9100854929621445,2.922568896512428,2.9351060861415124,2.9476972828539942,2.9603427083617744,2.97304258509211,2.9857971361952225,2.9986065855514914,3.0114711577782596,3.024391078236289,3.0373665730358854,3.050397869042712,3.0634851938833214,3.0766287759504327,3.089828844407948,3.1030856291957605,3.1163993610343406,3.1297702714291313,3.1431985926747643,3.156684557859104,3.1702284008671455,3.1838303563847514,3.197490659902274,3.2112095477180405,3.224987256941725,3.238824025497612,3.2527200921277664,3.2666756963951027,3.2806910786863694,3.2947664802150625,3.3089021430242442,3.323098309989313,3.3373552248206946,3.3516731320664825,3.3660522771150063,3.380492906197368,3.394995266389915,3.409559605616664,3.4241861726516927,3.4388752171214905,3.4536269895072502,3.468441741147158,3.4833197242386196,3.4982611918404714,3.5132663978751544,3.5283355971308645,3.5434690452636692,3.5586669987996067,3.5739297151367593,3.589257452547294,3.604650470179496,3.6201090280597734,3.6356333870946367,3.651223809072672,3.666880556666485,3.6826038934346306,3.6983940838235263,3.7142513931693486,3.73017608769991,3.7461684345365263,3.762228701695862,3.778357158091767,3.7945540735370917,3.810819718745491,3.8271543653332234,3.8435582858209165,3.860031753635335,3.8765750431111283,3.8931884294925676,3.9098721889352652,3.926626598507885,3.943451936193842,3.9603484808929754,3.977316512423228,3.9943563115222913,4.011468159849263,4.028652339986261,4.045909135440049,4.06323883064364,4.08064171095788,4.098118062673032,4.115668173010326,4.133292330123527,4.150990823100451,4.1687639419644995,4.186611977676161,4.204535222134501,4.222533968178653,4.240608509589269,4.258759141089978,4.276986158348816,4.295289857979651,4.313670537543581,4.332128495550332,4.350664031459627,4.369277445682543,4.387969039582857,4.406739115478372,4.425587976642224,4.444515927304179,4.463523272651911,4.4826103188322515,4.501777372952447,4.521024743081376,4.540352738250753,4.559761668456322,4.579251844659036,4.5988235787861935,4.618477183732586,4.638212973361606,4.658031262506346,4.677932366970676,4.697916603530298,4.717984289933787,4.738135744903602,4.758371288137086,4.77869124030744,4.799095923064678,4.819585659036561,4.840160771829506,4.8608215860294735,4.88156842720284,4.902401621897231,4.9233214976423625,4.944326928554111,4.965405263835791,4.986545256923941,5.007740243286614,5.028987862615924,5.050289803051667,5.0716515658405985,5.093082248817082,5.114594347095469,5.1362035693875505,5.157936979651255,5.179932304524431,5.202326673324708,5.225214557196878,5.248650326549823,5.2726506536819775,5.2971967847208905,5.3222366911013985,5.347687099977983,5.373435394754627,5.399341370891948,0.08883097805567325
abateAmountTech_1,0.0,0.0,0.0,0.0,0.0,0.0,0.0,0.0,0.0,0.0,0.0,0.0,0.0,0.0,0.0,0.0,0.0,0.0,0.0,0.0,0.0,0.0,0.0,0.0,0.0,0.0,0.0,0.0,0.0,0.0,0.0,0.0,0.0,0.0,0.0,0.0,0.0,0.0,0.0,0.0,0.0,0.0,0.0,0.0,0.0,0.0,0.0,0.0,0.0,0.0,0.0,0.0,0.0,0.0,0.0,0.0,0.0,0.0,0.0,0.0,0.0,0.0,0.0,0.0,0.0,0.0,0.0,0.0,0.0,0.0,0.0,0.0,0.0,0.0,0.0,0.0,0.0,0.0,0.0,0.0,0.0,0.0,0.0,0.0,0.0,0.0,0.0,0.0,0.0,0.0,0.0,0.0,0.0,0.0,0.0,0.0,0.0,0.0,0.0,0.0,0.0,0.0,0.0,0.0,0.0,0.0,0.0,0.0,0.0,0.0,0.0,0.0,0.0,0.0,0.0,0.0,0.0,0.0,0.0,0.0,0.0,0.0,0.0,0.0,0.0,0.0,0.0,0.0,0.0,0.0,0.0,0.0,0.0,0.0,0.0,0.0,0.0,0.0,0.0,0.0,0.0,0.0,0.0,0.0,0.0,0.0,0.0,0.0,0.0,0.0,0.0,0.0,0.0,0.0,0.0,0.0,0.0,0.0,0.0,0.0,0.0,0.0,0.0,0.0,0.0,0.0,0.0,0.0,0.0,0.0,0.0,0.0,0.0,0.0,0.0,0.0,0.0,0.0,0.0,0.0,0.0,0.0,0.0,0.0,0.0,0.0,0.0,0.0,0.0,0.0,0.0,0.0,0.0,0.0,0.0,0.0,0.0,0.0,0.0,0.0,0.0,0.0,0.0,0.0,0.0,0.0,0.0,0.0,0.0,0.0,0.0,0.0,0.0,0.0,0.0,0.0,0.0,0.0,0.0,0.0,0.0,0.0,0.0,0.0,0.0,0.0,0.0,0.0,0.0,0.0,0.0,0.0,0.0,0.0,0.0,0.0,0.0,0.0,0.0,0.0,0.0,0.0,0.0,0.0,0.0,0.0,0.0,0.0,0.0,0.0,0.0,0.0,0.0,0.0,0.0,0.0,0.0,0.0,0.0,0.0,0.0,0.0,0.0,0.0,0.0,0.0,0.0,0.0,0.0,0.0,0.0,0.0,0.0,0.0,0.0,0.0,0.0,0.0,0.0,0.0,0.0,0.0,0.0,0.0,0.0,0.0,0.0,0.0,0.0,0.0,0.0,0.0,0.0,0.0,0.0,0.0,0.0,0.0,0.0,0.0,0.0
abateFrac,2.5e-41,2.47512458437292e-41,2.450496683266888e-41,2.42611383387127e-41,2.4019735978808073e-41,2.3780735612517847e-41,2.3544113339606216e-41,2.3309845497648703e-41,2.3077908659665895e-41,2.2848279631780703e-41,2.2620935450898986e-41,2.2395853382413204e-41,2.2173010917928932e-41,2.1952385773014034e-41,2.1733955884970146e-41,2.1517699410626444e-41,2.1303594724155283e-41,2.1091620414909595e-41,2.0881755285281798e-41,2.0673978348584057e-41,2.0468268826949543e-41,2.0264606149254676e-41,2.006296994906196e-41,1.986334006258335e-41,1.9665696526663835e-41,1.947001957678512e-41,1.9276289645089155e-41,1.9084487358421327e-41,1.8894593536393135e-41,1.8706589189464132e-41,1.8520455517042945e-41,1.8336173905607228e-41,1.8153725926842272e-41,1.7973093335798153e-41,1.779425806906524e-41,1.7617202242967835e-41,1.7441908151775776e-41,1.7268358265933865e-41,1.7096535230308895e-41,1.6926421862454115e-41,1.6758001150890982e-41,1.6591256253407983e-41,1.642617049537642e-41,1.6262727368082912e-41,1.6100910527078533e-41,1.5940703790544332e-41,1.5782091137673147e-41,1.5625056707067518e-41,1.546958479515352e-41,1.5315659854610402e-41,1.5163266492815833e-41,1.5012389470306645e-41,1.4863013699254857e-41,1.4715124241958878e-41,1.4568706309349738e-41,1.4423745259512167e-41,1.428022659622037e-41,1.4138135967488426e-41,1.3997459164135047e-41,1.3858182118362676e-41,1.3720290902350659e-41,1.3583771726862494e-41,1.3448610939866861e-41,1.3314795025172428e-41,1.3182310601076214e-41,1.3051144419025402e-41,1.292128336229248e-41,1.279271444466356e-41,1.2665424809139737e-41,1.2539401726651387e-41,1.2414632594785235e-41,1.2291104936524126e-41,1.216880639899929e-41,1.204772475225506e-41,1.1927847888025859e-41,1.1809163818525367e-41,1.169166067524773e-41,1.15753267077807e-41,1.1460150282630588e-41,1.1346119882058893e-41,1.1233224102930536e-41,1.1121451655573528e-41,1.101079136264998e-41,1.0901232158038389e-41,1.0792763085726992e-41,1.0685373298718166e-41,1.057905205794372e-41,1.0473788731190975e-41,1.0369572792039535e-41,1.0266393818808636e-41,1.0164241493514978e-41,1.0063105600840899e-41,9.962976027112852e-42,9.863842759290027e-42,9.765695883963028e-42,9.66852558636253e-42,9.572322149377802e-42,9.477075952584969e-42,9.382777471284989e-42,9.289417275551142e-42,9.196986029286057e-42,9.105474489288083e-42,9.014873504326956e-42,8.925174014228685e-42,8.836367048969505e-42,8.748443727778882e-42,8.661395258251435e-42,8.575212935467666e-42,8.489888141123478e-42,8.405412342668331e-42,8.321777092451989e-42,8.238974026879725e-42,8.156994865575984e-42,8.075831410556322e-42,7.995475545407595e-42,7.915919234476329e-42,7.837154522065133e-42,7.759173531637125e-42,7.681968465028282e-42,7.605531601667602e-42,7.529855297805054e-42,7.454931985747184e-42,7.380754173100354e-42,7.307314442021485e-42,7.234605448476265e-42,7.162619921504752e-42,7.09135066249426e-42,7.020790544459494e-42,6.950932511329853e-42,6.881769577243807e-42,6.813294825850315e-42,6.74550140961717e-42,6.678382549146258e-42,6.611931532495599e-42,6.54614171450815e-42,6.481006516147287e-42,6.416519423838896e-42,6.352673988820006e-42,6.289463826493912e-42,6.226882615791703e-42,6.16492409854016e-42,6.103582078835927e-42,6.042850422425911e-42,5.982723056093863e-42,5.923193967053043e-42,5.864257202344941e-42,5.805906868243971e-42,5.748137129668095e-42,5.690942209595318e-42,5.634316388485967e-42,5.578254003710745e-42,5.522749448984455e-42,5.467797173805368e-42,5.4133916829001755e-42,5.359527535674448e-42,5.306199345668576e-42,5.253401780019118e-42,5.201129558925511e-42,5.1493774551220854e-42,5.098140293355335e-42,5.0474129498663846e-42,4.9971903518786124e-42,4.947467477090366e-42,4.898239353172733e-42,4.8495010572722966e-42,4.8012477155188516e-42,4.753474502538012e-42,4.706176640968669e-42,4.6593494009852493e-42,4.6129880998247313e-42,4.567088101318366e-42,4.521644815428052e-42,4.476653697787331e-42,4.4321102492469455e-42,4.388010015424922e-42,4.344348586261128e-42,4.3011215955762634e-42,4.258324720635235e-42,4.215953681714887e-42,4.174004241676017e-42,4.132472205539663e-42,4.0913534200676014e-42,4.050643773347019e-42,4.010339194379318e-42,3.9704356526730164e-42,3.9309291578406896e-42,3.891815759199932e-42,3.853091545378285e-42,3.814752643922096e-42,3.776795220909271e-42,3.739215480565875e-42,3.702009664886561e-42,3.6651740532587535e-42,3.628704962090593e-42,3.592598744442573e-42,3.5568517896628397e-42,3.5214605230261254e-42,3.4864214053762734e-42,3.4517309327723206e-42,3.417385636138096e-42,3.383382080915317e-42,3.349716866720123e-42,3.316386627003043e-42,3.2833880287123256e-42,3.2507177719606474e-42,3.2183725896951054e-42,3.186349247370519e-42,3.154644542625969e-42,3.1232553049645606e-42,3.0921783954363706e-42,3.061410706324548e-42,3.0309491608345415e-42,3.0007907127864175e-42,2.970932346310241e-42,2.9413710755444795e-42,2.912103944337424e-42,2.883128025951563e-42,2.854440422770912e-42,2.826038266011246e-42,2.7979187154332216e-42,2.7700789590583467e-42,2.742516212887785e-42,2.715227720623949e-42,2.6882107533948737e-42,2.66146260948132e-42,2.634980614046608e-42,2.608762118869125e-42,2.5828045020775046e-42,2.5571051678884358e-42,2.5316615463470845e-42,2.5064710930700925e-42,2.481531288991141e-42,2.4568396401090385e-42,2.4323936772383187e-42,2.4081909557623257e-42,2.3842290553887406e-42,2.360505579907558e-42,2.3370181569514616e-42,2.313764437758582e-42,2.2907420969376205e-42,2.267948832235313e-42,2.2453823643061907e-42,2.2230404364846585e-42,2.2009208145593135e-42,2.179021286549532e-42,2.157339662484262e-42,2.1358737741830308e-42,2.1146214750391173e-42,2.0935806398048985e-42,2.0727491643793162e-42,2.05212496559747e-42,2.0317059810222917e-42,2.0114901687383108e-42,1.9914755071474502e-42,1.9716599947668733e-42,1.9520416500288283e-42,1.9326185110824933e-42,1.9133886355977873e-42,1.8943501005711368e-42,1.8755010021331744e-42,1.8568394553583468e-42,1.8383635940764274e-42,1.8200715706858894e-42,1.8019615559691524e-42,1.7840317389096513e-42,1.7662803265107398e-42,1.748705543616384e-42,1.7313056327336494e-42,1.7140788538569478e-42,1.6970234842940362e-42,1.680137818493744e-42,1.6634201678754215e-42,1.6468688606600736e-42,1.630482241703188e-42,1.6142586723292117e-42,1.598196530167689e-42,1.5822942089910176e-42,1.5665501185538286e-42,1.5509626844339573e-42,1.535530347875003e-42,1.5202515656304487e-42,1.5051248098093384e-42,1.4901485677234843e-42,1.475321341736196e-42,1.4606416491125206e-42,1.4461080218709614e-42,1.4317190066366837e-42,1.4174731644961723e-42,1.4033690708533431e-42,1.3894053152870763e-42,1.3755805014101806e-42,1.3618932467297464e-42,1.3483421825089003e-42,1.334925953629927e-42,1.3216432184587591e-42,1.3084926487108094e-42,1.2954729293181457e-42,1.2825827582979775e-42,1.2698208466224624e-42,1.2571859180897966e-42,1.2446767091965984e-42
abateCost,2.5e-41,2.6199148553716766e-41,2.723366792390844e-41,2.8224397084780874e-41,2.917007954872293e-41,3.0070133483444885e-41,3.092456895342172e-41,3.1733903519119875e-41,3.249907985397803e-41,3.3221387932313504e-41,3.39023934268725e-41,3.4543873231344986e-41,3.5147758473833813e-41,3.571608498763967e-41,3.62509509293801e-41,3.675448105603173e-41,3.722879706929979e-41,3.7675993388478396e-41,3.809811770584234e-41,3.8497155699017427e-41,3.8875019312975017e-41,3.923353807294977e-41,3.9574452943314005e-41,3.9899412302445717e-41,4.0209969657295796e-41,4.0507582772015276e-41,4.0793613931646447e-41,4.1069331104012004e-41,4.133590980040166e-41,4.1594435468539825e-41,4.1845906279860264e-41,4.209123619764398e-41,4.2331258233471234e-41,4.2566727817092323e-41,4.27983262196236e-41,4.302666398229302e-41,4.325228431314067e-41,4.347566642243306e-41,4.369722877435714e-41,4.391731497402107e-41,4.4136095977531615e-41,4.435370497119481e-41,4.457026844552463e-41,4.478590640138402e-41,4.500073256754713e-41,4.521485462712029e-41,4.5428374450351106e-41,4.5641388331517253e-41,4.585398722778841e-41,4.606625699817967e-41,4.627827864094474e-41,4.649012852798502e-41,4.670187863506835e-41,4.691359676685413e-41,4.712534677590829e-41,4.733718877505961e-41,4.754917934259986e-41,4.776137171996226e-41,4.797381600162899e-41,4.818655931711825e-41,4.839964600498695e-41,4.861311777885753e-41,4.882701388553826e-41,4.904137125535607e-41,4.925622464486223e-41,4.94716067721036e-41,4.968754844467795e-41,4.990407868081171e-41,5.012122482371167e-41,5.03390126494537e-41,5.055746646867557e-41,5.077660922234541e-41,5.099646257187633e-41,5.121704698385601e-41,5.143838180965643e-41,5.166048536018299e-41,5.188337497601615e-41,5.210706709319125e-41,5.233157730485389e-41,5.25569204190198e-41,5.278311051265922e-41,5.301016098231666e-41,5.323808459146743e-41,5.346689351480382e-41,5.369659937963366e-41,5.392721330456576e-41,5.415874593564768e-41,5.439120748011273e-41,5.462460773788414e-41,5.485895613097761e-41,5.509426173093431e-41,5.533053328440939e-41,5.556777923703458e-41,5.580600775566547e-41,5.604522674911817e-41,5.628544388749395e-41,5.652666662018412e-41,5.676890219264201e-41,5.701215766200368e-41,5.725643991163351e-41,5.750175566466676e-41,5.774811149661594e-41,5.799551384710414e-41,5.824396903078398e-41,5.849348324749758e-41,5.874406259172883e-41,5.899571306139656e-41,5.924844056603297e-41,5.95022509343904e-41,5.975714992151482e-41,6.00131432153236e-41,6.0270236442721e-41,6.052843517528413e-41,6.078774493454885e-41,6.104817119692334e-41,6.130971939825563e-41,6.157239493807912e-41,6.18362031835584e-41,6.210114947315706e-41,6.236723912004609e-41,6.263447741527219e-41,6.290286963070194e-41,6.31724210217585e-41,6.344313682996493e-41,6.371502228530815e-41,6.398808260843628e-41,6.426232301270095e-41,6.4537748706056e-41,6.481436489282257e-41,6.509217677532999e-41,6.537118955544185e-41,6.565140843597485e-41,6.593283862201859e-41,6.621548532216325e-41,6.649935374964157e-41,6.678444912339177e-41,6.707077666904664e-41,6.735834161985429e-41,6.764714921753561e-41,6.793720471308288e-41,6.822851336750371e-41,6.85210804525145e-41,6.881491125118682e-41,6.911001105855036e-41,6.94063851821553e-41,6.970403894259743e-41,7.000297767400845e-41,7.030320672451385e-41,7.060473145666129e-41,7.090755724782091e-41,7.12116894905603e-41,7.151713359299523e-41,7.182389497911869e-41,7.213197908910933e-41,7.24413913796208e-41,7.275213732405361e-41,7.306422241281069e-41,7.33776521535378e-41,7.369243207134985e-41,7.400856770904436e-41,7.432606462730274e-41,7.464492840488056e-41,7.496516463878728e-41,7.528677894445648e-41,7.560977695590722e-41,7.593416432589713e-41,7.625994672606779e-41,7.658712984708303e-41,7.691571939876081e-41,7.724572111019869e-41,7.757714072989401e-41,7.790998402585851e-41,7.824425678572828e-41,7.85799648168691e-41,7.89171139464776e-41,7.925571002167863e-41,7.959575890961878e-41,7.993726649755684e-41,8.028023869295101e-41,8.062468142354311e-41,8.09706006374403e-41,8.131800230319416e-41,8.166689240987756e-41,8.201727696715923e-41,8.236916200537655e-41,8.27225535756061e-41,8.307745774973282e-41,8.343388062051736e-41,8.379182830166205e-41,8.415130692787515e-41,8.451232265493419e-41,8.487488165974786e-41,8.52389901404166e-41,8.560465431629231e-41,8.597188042803726e-41,8.634067473768125e-41,8.671104352867895e-41,8.708299310596549e-41,8.745652979601178e-41,8.783165994687885e-41,8.82083899282716e-41,8.858672613159173e-41,8.896667496999016e-41,8.934824287841897e-41,8.973143631368234e-41,9.011626175448739e-41,9.050272570149433e-41,9.089083467736591e-41,9.128059522681679e-41,9.167201391666211e-41,9.206509733586577e-41,9.245985209558814e-41,9.28562848292337e-41,9.325440219249775e-41,9.365421086341315e-41,9.405571754239656e-41,9.445892895229417e-41,9.486385183842728e-41,9.527049296863726e-41,9.567885913333057e-41,9.60889571455229e-41,9.650079384088336e-41,9.69143760777782e-41,9.732971073731419e-41,9.774680472338163e-41,9.816566496269712e-41,9.858629840484605e-41,9.900871202232438e-41,9.94329128105807e-41,9.985890778805727e-41,1.0028670399623158e-40,1.007163084996565e-40,1.0114772838600123e-40,1.01580970766091e-40,1.02016042773947e-40,1.024529515668258e-40,1.0289170432525814e-40,1.0333230825308816e-40,1.0377477057751127e-40,1.0421909854911248e-40,1.0466529944190401e-40,1.051133805533625e-40,1.0556334920446632e-40,1.0601521273973172e-40,1.0646897852724944e-40,1.069246539587204e-40,1.0738224644949128e-40,1.0784176343858953e-40,1.083032123887583e-40,1.0876660078649066e-40,1.0923193614206357e-40,1.0969922598957142e-40,1.1016847788695928e-40,1.106396994160556e-40,1.1111289818260447e-40,1.1158808181629777e-40,1.1206525797080628e-40,1.1254443432381117e-40,1.1302561857703439e-40,1.1350881845626883e-40,1.1399404171140805e-40,1.144812961164759e-40,1.1497058946965483e-40,1.1546192959331465e-40,1.1595532433404014e-40,1.1645078156265864e-40,1.169483091742669e-40,1.1744791508825743e-40,1.1794960724834467e-40,1.1845339362259004e-40,1.1895928220342715e-40,1.19467281007686e-40,1.1997739807661696e-40,1.2048964147591403e-40,1.2100401929573764e-40,1.2152053965073683e-40,1.22039210680071e-40,1.2256004054743077e-40,1.2308303744105906e-40,1.2360817321385277e-40,1.2413513159589476e-40,1.2466363142309852e-40,1.2519350608216535e-40,1.257246965653981e-40,1.2625724507629167e-40,1.2679128914601496e-40,1.2732705622042704e-40,1.278648586773867e-40,1.2840508923468875e-40,1.2894842449128135e-40,1.2949830761311077e-40,1.300581668331177e-40,1.3063036392992194e-40,1.3121625816374557e-40,1.3181626634204942e-40,1.3242991961802225e-40,1.3305591727753496e-40,1.3369217749944956e-40,1.3433588486886567e-40,1.3498353427229869e-40,1.3563097069735316e-40
abateCostTech_0,0.0,0.0,0.0,0.0,0.0,0.0,0.0,0.0,0.0,0.0,0.0,0.0,0.0,0.0,0.0,0.0,0.0,0.0,0.0,0.0,0.0,0.0,0.0,0.0,0.0,0.0,0.0,0.0,0.0,0.0,0.0,0.0,0.0,0.0,0.0,0.0,0.0,0.0,0.0,0.0,0.0,0.0,0.0,0.0,0.0,0.0,0.0,0.0,0.0,0.0,0.0,0.0,0.0,0.0,0.0,0.0,0.0,0.0,0.0,0.0,0.0,0.0,0.0,0.0,0.0,0.0,0.0,0.0,0.0,0.0,0.0,0.0,0.0,0.0,0.0,0.0,0.0,0.0,0.0,0.0,0.0,0.0,0.0,0.0,0.0,0.0,0.0,0.0,0.0,0.0,0.0,0.0,0.0,0.0,0.0,0.0,0.0,0.0,0.0,0.0,0.0,0.0,0.0,0.0,0.0,0.0,0.0,0.0,0.0,0.0,0.0,0.0,0.0,0.0,0.0,0.0,0.0,0.0,0.0,0.0,0.0,0.0,0.0,0.0,0.0,0.0,0.0,0.0,0.0,0.0,0.0,0.0,0.0,0.0,0.0,0.0,0.0,0.0,0.0,0.0,0.0,0.0,0.0,0.0,0.0,0.0,0.0,0.0,0.0,0.0,0.0,0.0,0.0,0.0,0.0,0.0,0.0,0.0,0.0,0.0,0.0,0.0,0.0,0.0,0.0,0.0,0.0,0.0,0.0,0.0,0.0,0.0,0.0,0.0,0.0,0.0,0.0,0.0,0.0,0.0,0.0,0.0,0.0,0.0,0.0,0.0,0.0,0.0,0.0,0.0,0.0,0.0,0.0,0.0,0.0,0.0,0.0,0.0,0.0,0.0,0.0,0.0,0.0,0.0,0.0,0.0,0.0,0.0,0.0,0.0,0.0,0.0,0.0,0.0,0.0,0.0,0.0,0.0,0.0,0.0,0.0,0.0,0.0,0.0,0.0,0.0,0.0,0.0,0.0,0.0,0.0,0.0,0.0,0.0,0.0,0.0,0.0,0.0,0.0,0.0,0.0,0.0,0.0,0.0,0.0,0.0,0.0,0.0,0.0,0.0,0.0,0.0,0.0,0.0,0.0,0.0,0.0,0.0,0.0,0.0,0.0,0.0,0.0,0.0,0.0,0.0,0.0,0.0,0.0,0.0,0.0,0.0,0.0,0.0,0.0,0.0,0.0,0.0,0.0,0.0,0.0,0.0,0.0,0.0,0.0,0.0,0.0,0.0,0.0,0.0,0.0,0.0,0.0,0.0,0.0,0.0,0.0,0.0,0.0,0.0,0.0
abateCostTech_1,2.5e-41,2.6199148553716766e-41,2.723366792390844e-41,2.8224397084780874e-41,2.917007954872293e-41,3.0070133483444885e-41,3.092456895342172e-41,3.1733903519119875e-41,3.249907985397803e-41,3.3221387932313504e-41,3.39023934268725e-41,3.4543873231344986e-41,3.5147758473833813e-41,3.571608498763967e-41,3.62509509293801e-41,3.675448105603173e-41,3.722879706929979e-41,3.7675993388478396e-41,3.809811770584234e-41,3.8497155699017427e-41,3.8875019312975017e-41,3.923353807294977e-41,3.9574452943314005e-41,3.9899412302445717e-41,4.0209969657295796e-41,4.0507582772015276e-41,4.0793613931646447e-41,4.1069331104012004e-41,4.133590980040166e-41,4.1594435468539825e-41,4.1845906279860264e-41,4.209123619764398e-41,4.2331258233471234e-41,4.2566727817092323e-41,4.27983262196236e-41,4.302666398229302e-41,4.325228431314067e-41,4.347566642243306e-41,4.369722877435714e-41,4.391731497402107e-41,4.4136095977531615e-41,4.435370497119481e-41,4.457026844552463e-41,4.478590640138402e-41,4.500073256754713e-41,4.521485462712029e-41,4.5428374450351106e-41,4.5641388331517253e-41,4.585398722778841e-41,4.606625699817967e-41,4.627827864094474e-41,4.649012852798502e-41,4.670187863506835e-41,4.691359676685413e-41,4.712534677590829e-41,4.733718877505961e-41,4.754917934259986e-41,4.776137171996226e-41,4.797381600162899e-41,4.818655931711825e-41,4.839964600498695e-41,4.861311777885753e-41,4.882701388553826e-41,4.904137125535607e-41,4.925622464486223e-41,4.94716067721036e-41,4.968754844467795e-41,4.990407868081171e-41,5.012122482371167e-41,5.03390126494537e-41,5.055746646867557e-41,5.077660922234541e-41,5.099646257187633e-41,5.121704698385601e-41,5.143838180965643e-41,5.166048536018299e-41,5.188337497601615e-41,5.210706709319125e-41,5.233157730485389e-41,5.25569204190198e-41,5.278311051265922e-41,5.301016098231666e-41,5.323808459146743e-41,5.346689351480382e-41,5.369659937963366e-41,5.392721330456576e-41,5.415874593564768e-41,5.439120748011273e-41,5.462460773788414e-41,5.485895613097761e-41,5.509426173093431e-41,5.533053328440939e-41,5.556777923703458e-41,5.580600775566547e-41,5.604522674911817e-41,5.628544388749395e-41,5.652666662018412e-41,5.676890219264201e-41,5.701215766200368e-41,5.725643991163351e-41,5.750175566466676e-41,5.774811149661594e-41,5.799551384710414e-41,5.824396903078398e-41,5.849348324749758e-41,5.874406259172883e-41,5.899571306139656e-41,5.924844056603297e-41,5.95022509343904e-41,5.975714992151482e-41,6.00131432153236e-41,6.0270236442721e-41,6.052843517528413e-41,6.078774493454885e-41,6.104817119692334e-41,6.130971939825563e-41,6.157239493807912e-41,6.18362031835584e-41,6.210114947315706e-41,6.236723912004609e-41,6.263447741527219e-41,6.290286963070194e-41,6.31724210217585e-41,6.344313682996493e-41,6.371502228530815e-41,6.398808260843628e-41,6.426232301270095e-41,6.4537748706056e-41,6.481436489282257e-41,6.509217677532999e-41,6.537118955544185e-41,6.565140843597485e-41,6.593283862201859e-41,6.621548532216325e-41,6.649935374964157e-41,6.678444912339177e-41,6.707077666904664e-41,6.735834161985429e-41,6.764714921753561e-41,6.793720471308288e-41,6.822851336750371e-41,6.85210804525145e-41,6.881491125118682e-41,6.911001105855036e-41,6.94063851821553e-41,6.970403894259743e-41,7.000297767400845e-41,7.030320672451385e-41,7.060473145666129e-41,7.090755724782091e-41,7.12116894905603e-41,7.151713359299523e-41,7.182389497911869e-41,7.213197908910933e-41,7.24413913796208e-41,7.275213732405361e-41,7.306422241281069e-41,7.33776521535378e-41,7.369243207134985e-41,7.400856770904436e-41,7.432606462730274e-41,7.464492840488056e-41,7.496516463878728e-41,7.528677894445648e-41,7.560977695590722e-41,7.593416432589713e-41,7.625994672606779e-41,7.658712984708303e-41,7.691571939876081e-41,7.724572111019869e-41,7.757714072989401e-41,7.790998402585851e-41,7.824425678572828e-41,7.85799648168691e-41,7.89171139464776e-41,7.925571002167863e-41,7.959575890961878e-41,7.993726649755684e-41,8.028023869295101e-41,8.062468142354311e-41,8.09706006374403e-41,8.131800230319416e-41,8.166689240987756e-41,8.201727696715923e-41,8.236916200537655e-41,8.27225535756061e-41,8.307745774973282e-41,8.343388062051736e-41,8.379182830166205e-41,8.415130692787515e-41,8.451232265493419e-41,8.487488165974786e-41,8.52389901404166e-41,8.560465431629231e-41,8.597188042803726e-41,8.634067473768125e-41,8.671104352867895e-41,8.708299310596549e-41,8.745652979601178e-41,8.783165994687885e-41,8.82083899282716e-41,8.858672613159173e-41,8.896667496999016e-41,8.934824287841897e-41,8.973143631368234e-41,9.011626175448739e-41,9.050272570149433e-41,9.089083467736591e-41,9.128059522681679e-41,9.167201391666211e-41,9.206509733586577e-41,9.245985209558814e-41,9.28562848292337e-41,9.325440219249775e-41,9.365421086341315e-41,9.405571754239656e-41,9.445892895229417e-41,9.486385183842728e-41,9.527049296863726e-41,9.567885913333057e-41,9.60889571455229e-41,9.650079384088336e-41,9.69143760777782e-41,9.732971073731419e-41,9.774680472338163e-41,9.816566496269712e-41,9.858629840484605e-41,9.900871202232438e-41,9.94329128105807e-41,9.985890778805727e-41,1.0028670399623158e-40,1.007163084996565e-40,1.0114772838600123e-40,1.01580970766091e-40,1.02016042773947e-40,1.024529515668258e-40,1.0289170432525814e-40,1.0333230825308816e-40,1.0377477057751127e-40,1.0421909854911248e-40,1.0466529944190401e-40,1.051133805533625e-40,1.0556334920446632e-40,1.0601521273973172e-40,1.0646897852724944e-40,1.069246539587204e-40,1.0738224644949128e-40,1.0784176343858953e-40,1.083032123887583e-40,1.0876660078649066e-40,1.0923193614206357e-40,1.0969922598957142e-40,1.1016847788695928e-40,1.106396994160556e-40,1.1111289818260447e-40,1.1158808181629777e-40,1.1206525797080628e-40,1.1254443432381117e-40,1.1302561857703439e-40,1.1350881845626883e-40,1.1399404171140805e-40,1.144812961164759e-40,1.1497058946965483e-40,1.1546192959331465e-40,1.1595532433404014e-40,1.1645078156265864e-40,1.169483091742669e-40,1.1744791508825743e-40,1.1794960724834467e-40,1.1845339362259004e-40,1.1895928220342715e-40,1.19467281007686e-40,1.1997739807661696e-40,1.2048964147591403e-40,1.2100401929573764e-40,1.2152053965073683e-40,1.22039210680071e-40,1.2256004054743077e-40,1.2308303744105906e-40,1.2360817321385277e-40,1.2413513159589476e-40,1.2466363142309852e-40,1.2519350608216535e-40,1.257246965653981e-40,1.2625724507629167e-40,1.2679128914601496e-40,1.2732705622042704e-40,1.278648586773867e-40,1.2840508923468875e-40,1.2894842449128135e-40,1.2949830761311077e-40,1.300581668331177e-40,1.3063036392992194e-40,1.3121625816374557e-40,1.3181626634204942e-40,1.3242991961802225e-40,1.3305591727753496e-40,1.3369217749944956e-40,1.3433588486886567e-40,1.3498353427229869e-40,1.3563097069735316e-40
pBackTime_0,0.0,0.0,0.0,0.0,0.0,0.0,0.0,0.0,0.0,0.0,0.0,0.0,0.0,0.0,0.0,0.0,0.0,0.0,0.0,0.0,0.0,0.0,0.0,0.0,0.0,0.0,0.0,0.0,0.0,0.0,0.0,0.0,0.0,0.0,0.0,0.0,0.0,0.0,0.0,0.0,0.0,0.0,0.0,0.0,0.0,0.0,0.0,0.0,0.0,0.0,0.0,0.0,0.0,0.0,0.0,0.0,0.0,0.0,0.0,0.0,0.0,0.0,0.0,0.0,0.0,0.0,0.0,0.0,0.0,0.0,0.0,0.0,0.0,0.0,0.0,0.0,0.0,0.0,0.0,0.0,0.0,0.0,0.0,0.0,0.0,0.0,0.0,0.0,0.0,0.0,0.0,0.0,0.0,0.0,0.0,0.0,0.0,0.0,0.0,0.0,0.0,0.0,0.0,0.0,0.0,0.0,0.0,0.0,0.0,0.0,0.0,0.0,0.0,0.0,0.0,0.0,0.0,0.0,0.0,0.0,0.0,0.0,0.0,0.0,0.0,0.0,0.0,0.0,0.0,0.0,0.0,0.0,0.0,0.0,0.0,0.0,0.0,0.0,0.0,0.0,0.0,0.0,0.0,0.0,0.0,0.0,0.0,0.0,0.0,0.0,0.0,0.0,0.0,0.0,0.0,0.0,0.0,0.0,0.0,0.0,0.0,0.0,0.0,0.0,0.0,0.0,0.0,0.0,0.0,0.0,0.0,0.0,0.0,0.0,0.0,0.0,0.0,0.0,0.0,0.0,0.0,0.0,0.0,0.0,0.0,0.0,0.0,0.0,0.0,0.0,0.0,0.0,0.0,0.0,0.0,0.0,0.0,0.0,0.0,0.0,0.0,0.0,0.0,0.0,0.0,0.0,0.0,0.0,0.0,0.0,0.0,0.0,0.0,0.0,0.0,0.0,0.0,0.0,0.0,0.0,0.0,0.0,0.0,0.0,0.0,0.0,0.0,0.0,0.0,0.0,0.0,0.0,0.0,0.0,0.0,0.0,0.0,0.0,0.0,0.0,0.0,0.0,0.0,0.0,0.0,0.0,0.0,0.0,0.0,0.0,0.0,0.0,0.0,0.0,0.0,0.0,0.0,0.0,0.0,0.0,0.0,0.0,0.0,0.0,0.0,0.0,0.0,0.0,0.0,0.0,0.0,0.0,0.0,0.0,0.0,0.0,0.0,0.0,0.0,0.0,0.0,0.0,0.0,0.0,0.0,0.0,0.0,0.0,0.0,0.0,0.0,0.0,0.0,0.0,0.0,0.0,0.0,0.0,0.0,0.0,0.0
pBackTime_1,1.0,1.0,1.0,1.0,1.0,1.0,1.0,1.0,1.0,1.0,1.0,1.0,1.0,1.0,1.0,1.0,1.0,1.0,1.0,1.0,1.0,1.0,1.0,1.0,1.0,1.0,1.0,1.0,1.0,1.0,1.0,1.0,1.0,1.0,1.0,1.0,1.0,1.0,1.0,1.0,1.0,1.0,1.0,1.0,1.0,1.0,1.0,1.0,1.0,1.0,1.0,1.0,1.0,1.0,1.0,1.0,1.0,1.0,1.0,1.0,1.0,1.0,1.0,1.0,1.0,1.0,1.0,1.0,1.0,1.0,1.0,1.0,1.0,1.0,1.0,1.0,1.0,1.0,1.0,1.0,1.0,1.0,1.0,1.0,1.0,1.0,1.0,1.0,1.0,1.0,1.0,1.0,1.0,1.0,1.0,1.0,1.0,1.0,1.0,1.0,1.0,1.0,1.0,1.0,1.0,1.0,1.0,1.0,1.0,1.0,1.0,1.0,1.0,1.0,1.0,1.0,1.0,1.0,1.0,1.0,1.0,1.0,1.0,1.0,1.0,1.0,1.0,1.0,1.0,1.0,1.0,1.0,1.0,1.0,1.0,1.0,1.0,1.0,1.0,1.0,1.0,1.0,1.0,1.0,1.0,1.0,1.0,1.0,1.0,1.0,1.0,1.0,1.0,1.0,1.0,1.0,1.0,1.0,1.0,1.0,1.0,1.0,1.0,1.0,1.0,1.0,1.0,1.0,1.0,1.0,1.0,1.0,1.0,1.0,1.0,1.0,1.0,1.0,1.0,1.0,1.0,1.0,1.0,1.0,1.0,1.0,1.0,1.0,1.0,1.0,1.0,1.0,1.0,1.0,1.0,1.0,1.0,1.0,1.0,1.0,1.0,1.0,1.0,1.0,1.0,1.0,1.0,1.0,1.0,1.0,1.0,1.0,1.0,1.0,1.0,1.0,1.0,1.0,1.0,1.0,1.0,1.0,1.0,1.0,1.0,1.0,1.0,1.0,1.0,1.0,1.0,1.0,1.0,1.0,1.0,1.0,1.0,1.0,1.0,1.0,1.0,1.0,1.0,1.0,1.0,1.0,1.0,1.0,1.0,1.0,1.0,1.0,1.0,1.0,1.0,1.0,1.0,1.0,1.0,1.0,1.0,1.0,1.0,1.0,1.0,1.0,1.0,1.0,1.0,1.0,1.0,1.0,1.0,1.0,1.0,1.0,1.0,1.0,1.0,1.0,1.0,1.0,1.0,1.0,1.0,1.0,1.0,1.0,1.0,1.0,1.0,1.0,1.0,1.0,1.0,1.0,1.0,1.0,1.0,1.0,1.0
mcAbate,0.0,0.0,0.0,0.0,0.0,0.0,0.0,0.0,0.0,0.0,0.0,0.0,0.0,0.0,0.0,0.0,0.0,0.0,0.0,0.0,0.0,0.0,0.0,0.0,0.0,0.0,0.0,0.0,0.0,0.0,0.0,0.0,0.0,0.0,0.0,0.0,0.0,0.0,0.0,0.0,0.0,0.0,0.0,0.0,0.0,0.0,0.0,0.0,0.0,0.0,0.0,0.0,0.0,0.0,0.0,0.0,0.0,0.0,0.0,0.0,0.0,0.0,0.0,0.0,0.0,0.0,0.0,0.0,0.0,0.0,0.0,0.0,0.0,0.0,0.0,0.0,0.0,0.0,0.0,0.0,0.0,0.0,0.0,0.0,0.0,0.0,0.0,0.0,0.0,0.0,0.0,0.0,0.0,0.0,0.0,0.0,0.0,0.0,0.0,0.0,0.0,0.0,0.0,0.0,0.0,0.0,0.0,0.0,0.0,0.0,0.0,0.0,0.0,0.0,0.0,0.0,0.0,0.0,0.0,0.0,0.0,0.0,0.0,0.0,0.0,0.0,0.0,0.0,0.0,0.0,0.0,0.0,0.0,0.0,0.0,0.0,0.0,0.0,0.0,0.0,0.0,0.0,0.0,0.0,0.0,0.0,0.0,0.0,0.0,0.0,0.0,0.0,0.0,0.0,0.0,0.0,0.0,0.0,0.0,0.0,0.0,0.0,0.0,0.0,0.0,0.0,0.0,0.0,0.0,0.0,0.0,0.0,0.0,0.0,0.0,0.0,0.0,0.0,0.0,0.0,0.0,0.0,0.0,0.0,0.0,0.0,0.0,0.0,0.0,0.0,0.0,0.0,0.0,0.0,0.0,0.0,0.0,0.0,0.0,0.0,0.0,0.0,0.0,0.0,0.0,0.0,0.0,0.0,0.0,0.0,0.0,0.0,0.0,0.0,0.0,0.0,0.0,0.0,0.0,0.0,0.0,0.0,0.0,0.0,0.0,0.0,0.0,0.0,0.0,0.0,0.0,0.0,0.0,0.0,0.0,0.0,0.0,0.0,0.0,0.0,0.0,0.0,0.0,0.0,0.0,0.0,0.0,0.0,0.0,0.0,0.0,0.0,0.0,0.0,0.0,0.0,0.0,0.0,0.0,0.0,0.0,0.0,0.0,0.0,0.0,0.0,0.0,0.0,0.0,0.0,0.0,0.0,0.0,0.0,0.0,0.0,0.0,0.0,0.0,0.0,0.0,0.0,0.0,0.0,0.0,0.0,0.0,0.0,0.0,0.0,0.0,0.0,0.0,0.0,0.0,0.0,0.0,0.0,0.0,0.0,0.0
mcAbateTech_0,0.0,0.0,0.0,0.0,0.0,0.0,0.0,0.0,0.0,0.0,0.0,0.0,0.0,0.0,0.0,0.0,0.0,0.0,0.0,0.0,0.0,0.0,0.0,0.0,0.0,0.0,0.0,0.0,0.0,0.0,0.0,0.0,0.0,0.0,0.0,0.0,0.0,0.0,0.0,0.0,0.0,0.0,0.0,0.0,0.0,0.0,0.0,0.0,0.0,0.0,0.0,0.0,0.0,0.0,0.0,0.0,0.0,0.0,0.0,0.0,0.0,0.0,0.0,0.0,0.0,0.0,0.0,0.0,0.0,0.0,0.0,0.0,0.0,0.0,0.0,0.0,0.0,0.0,0.0,0.0,0.0,0.0,0.0,0.0,0.0,0.0,0.0,0.0,0.0,0.0,0.0,0.0,0.0,0.0,0.0,0.0,0.0,0.0,0.0,0.0,0.0,0.0,0.0,0.0,0.0,0.0,0.0,0.0,0.0,0.0,0.0,0.0,0.0,0.0,0.0,0.0,0.0,0.0,0.0,0.0,0.0,0.0,0.0,0.0,0.0,0.0,0.0,0.0,0.0,0.0,0.0,0.0,0.0,0.0,0.0,0.0,0.0,0.0,0.0,0.0,0.0,0.0,0.0,0.0,0.0,0.0,0.0,0.0,0.0,0.0,0.0,0.0,0.0,0.0,0.0,0.0,0.0,0.0,0.0,0.0,0.0,0.0,0.0,0.0,0.0,0.0,0.0,0.0,0.0,0.0,0.0,0.0,0.0,0.0,0.0,0.0,0.0,0.0,0.0,0.0,0.0,0.0,0.0,0.0,0.0,0.0,0.0,0.0,0.0,0.0,0.0,0.0,0.0,0.0,0.0,0.0,0.0,0.0,0.0,0.0,0.0,0.0,0.0,0.0,0.0,0.0,0.0,0.0,0.0,0.0,0.0,0.0,0.0,0.0,0.0,0.0,0.0,0.0,0.0,0.0,0.0,0.0,0.0,0.0,0.0,0.0,0.0,0.0,0.0,0.0,0.0,0.0,0.0,0.0,0.0,0.0,0.0,0.0,0.0,0.0,0.0,0.0,0.0,0.0,0.0,0.0,0.0,0.0,0.0,0.0,0.0,0.0,0.0,0.0,0.0,0.0,0.0,0.0,0.0,0.0,0.0,0.0,0.0,0.0,0.0,0.0,0.0,0.0,0.0,0.0,0.0,0.0,0.0,0.0,0.0,0.0,0.0,0.0,0.0,0.0,0.0,0.0,0.0,0.0,0.0,0.0,0.0,0.0,0.0,0.0,0.0,0.0,0.0,0.0,0.0,0.0,0.0,0.0,0.0,0.0,0.0
mcAbateTech_1,0.5,0.5,0.5,0.5,0.5,0.5,0.5,0.5,0.5,0.5,0.5,0.5,0.5,0.5,0.5,0.5,0.5,0.5,0.5,0.5,0.5,0.5,0.5,0.5,0.5,0.5,0.5,0.5,0.5,0.5,0.5,0.5,0.5,0.5,0.5,0.5,0.5,0.5,0.5,0.5,0.5,0.5,0.5,0.5,0.5,0.5,0.5,0.5,0.5,0.5,0.5,0.5,0.5,0.5,0.5,0.5,0.5,0.5,0.5,0.5,0.5,0.5,0.5,0.5,0.5,0.5,0.5,0.5,0.5,0.5,0.5,0.5,0.5,0.5,0.5,0.5,0.5,0.5,0.5,0.5,0.5,0.5,0.5,0.5,0.5,0.5,0.5,0.5,0.5,0.5,0.5,0.5,0.5,0.5,0.5,0.5,0.5,0.5,0.5,0.5,0.5,0.5,0.5,0.5,0.5,0.5,0.5,0.5,0.5,0.5,0.5,0.5,0.5,0.5,0.5,0.5,0.5,0.5,0.5,0.5,0.5,0.5,0.5,0.5,0.5,0.5,0.5,0.5,0.5,0.5,0.5,0.5,0.5,0.5,0.5,0.5,0.5,0.5,0.5,0.5,0.5,0.5,0.5,0.5,0.5,0.5,0.5,0.5,0.5,0.5,0.5,0.5,0.5,0.5,0.5,0.5,0.5,0.5,0.5,0.5,0.5,0.5,0.5,0.5,0.5,0.5,0.5,0.5,0.5,0.5,0.5,0.5,0.5,0.5,0.5,0.5,0.5,0.5,0.5,0.5,0.5,0.5,0.5,0.5,0.5,0.5,0.5,0.5,0.5,0.5,0.5,0.5,0.5,0.5,0.5,0.5,0.5,0.5,0.5,0.5,0.5,0.5,0.5,0.5,0.5,0.5,0.5,0.5,0.5,0.5,0.5,0.5,0.5,0.5,0.5,0.5,0.5,0.5,0.5,0.5,0.5,0.5,0.5,0.5,0.5,0.5,0.5,0.5,0.5,0.5,0.5,0.5,0.5,0.5,0.5,0.5,0.5,0.5,0.5,0.5,0.5,0.5,0.5,0.5,0.5,0.5,0.5,0.5,0.5,0.5,0.5,0.5,0.5,0.5,0.5,0.5,0.5,0.5,0.5,0.5,0.5,0.5,0.5,0.5,0.5,0.5,0.5,0.5,0.5,0.5,0.5,0.5,0.5,0.5,0.5,0.5,0.5,0.5,0.5,0.5,0.5,0.5,0.5,0.5,0.5,0.5,0.5,0.5,0.5,0.5,0.5,0.5,0.5,0.5,0.5,0.5,0.5,0.5,0.5,0.5,0.5
miu,1.0,1.0,1.0,1.0,1.0,1.0,1.0,1.0,1.0,1.0,1.0,1.0,1.0,1.0,1.0,1.0,1.0,1.0,1.0,1.0,1.0,1.0,1.0,1.0,1.0,1.0,1.0,1.0,1.0,1.0,1.0,1.0,1.0,1.0,1.0,1.0,1.0,1.0,1.0,1.0,1.0,1.0,1.0,1.0,1.0,1.0,1.0,1.0,1.0,1.0,1.0,1.0,1.0,1.0,1.0,1.0,1.0,1.0,1.0,1.0,1.0,1.0,1.0,1.0,1.0,1.0,1.0,1.0,1.0,1.0,1.0,1.0,1.0,1.0,1.0,1.0,1.0,1.0,1.0,1.0,1.0,1.0,1.0,1.0,1.0,1.0,1.0,1.0,1.0,1.0,1.0,1.0,1.0,1.0,1.0,1.0,1.0,1.0,1.0,1.0,1.0,1.0,1.0,1.0,1.0,1.0,1.0,1.0,1.0,1.0,1.0,1.0,1.0,1.0,1.0,1.0,1.0,1.0,1.0,1.0,1.0,1.0,1.0,1.0,1.0,1.0,1.0,1.0,1.0,1.0,1.0,1.0,1.0,1.0,1.0,1.0,1.0,1.0,1.0,1.0,1.0,1.0,1.0,1.0,1.0,1.0,1.0,1.0,1.0,1.0,1.0,1.0,1.0,1.0,1.0,1.0,1.0,1.0,1.0,1.0,1.0,1.0,1.0,1.0,1.0,1.0,1.0,1.0,1.0,1.0,1.0,1.0,1.0,1.0,1.0,1.0,1.0,1.0,1.0,1.0,1.0,1.0,1.0,1.0,1.0,1.0,1.0,1.0,1.0,1.0,1.0,1.0,1.0,1.0,1.0,1.0,1.0,1.0,1.0,1.0,1.0,1.0,1.0,1.0,1.0,1.0,1.0,1.0,1.0,1.0,1.0,1.0,1.0,1.0,1.0,1.0,1.0,1.0,1.0,1.0,1.0,1.0,1.0,1.0,1.0,1.0,1.0,1.0,1.0,1.0,1.0,1.0,1.0,1.0,1.0,1.0,1.0,1.0,1.0,1.0,1.0,1.0,1.0,1.0,1.0,1.0,1.0,1.0,1.0,1.0,1.0,1.0,1.0,1.0,1.0,1.0,1.0,1.0,1.0,1.0,1.0,1.0,1.0,1.0,1.0,1.0,1.0,1.0,1.0,1.0,1.0,1.0,1.0,1.0,1.0,1.0,1.0,1.0,1.0,1.0,1.0,1.0,1.0,1.0,1.0,1.0,1.0,1.0,1.0,1.0,1.0,1.0,1.0,1.0,1.0,1.0,1.0,1.0,1.0,1.0,0.016373653008406652
miuTech_0,1.0,1.0,1.0,1.0,1.0,1.0,1.0,1.0,1.0,1.0,1.0,1.0,1.0,1.0,1.0,1.0,1.0,1.0,1.0,1.0,1.0,1.0,1.0,1.0,1.0,1.0,1.0,1.0,1.0,1.0,1.0,1.0,1.0,1.0,1.0,1.0,1.0,1.0,1.0,1.0,1.0,1.0,1.0,1.0,1.0,1.0,1.0,1.0,1.0,1.0,1.0,1.0,1.0,1.0,1.0,1.0,1.0,1.0,1.0,1.0,1.0,1.0,1.0,1.0,1.0,1.0,1.0,1.0,1.0,1.0,1.0,1.0,1.0,1.0,1.0,1.0,1.0,1.0,1.0,1.0,1.0,1.0,1.0,1.0,1.0,1.0,1.0,1.0,1.0,1.0,1.0,1.0,1.0,1.0,1.0,1.0,1.0,1.0,1.0,1.0,1.0,1.0,1.0,1.0,1.0,1.0,1.0,1.0,1.0,1.0,1.0,1.0,1.0,1.0,1.0,1.0,1.0,1.0,1.0,1.0,1.0,1.0,1.0,1.0,1.0,1.0,1.0,1.0,1.0,1.0,1.0,1.0,1.0,1.0,1.0,1.0,1.0,1.0,1.0,1.0,1.0,1.0,1.0,1.0,1.0,1.0,1.0,1.0,1.0,1.0,1.0,1.0,1.0,1.0,1.0,1.0,1.0,1.0,1.0,1.0,1.0,1.0,1.0,1.0,1.0,1.0,1.0,1.0,1.0,1.0,1.0,1.0,1.0,1.0,1.0,1.0,1.0,1.0,1.0,1.0,1.0,1.0,1.0,1.0,1.0,1.0,1.0,1.0,1.0,1.0,1.0,1.0,1.0,1.0,1.0,1.0,1.0,1.0,1.0,1.0,1.0,1.0,1.0,1.0,1.0,1.0,1.0,1.0,1.0,1.0,1.0,1.0,1.0,1.0,1.0,1.0,1.0,1.0,1.0,1.0,1.0,1.0,1.0,1.0,1.0,1.0,1.0,1.0,1.0,1.0,1.0,1.0,1.0,1.0,1.0,1.0,1.0,1.0,1.0,1.0,1.0,1.0,1.0,1.0,1.0,1.0,1.0,1.0,1.0,1.0,1.0,1.0,1.0,1.0,1.0,1.0,1.0,1.0,1.0,1.0,1.0,1.0,1.0,1.0,1.0,1.0,1.0,1.0,1.0,1.0,1.0,1.0,1.0,1.0,1.0,1.0,1.0,1.0,1.0,1.0,1.0,1.0,1.0,1.0,1.0,1.0,1.0,1.0,1.0,1.0,1.0,1.0,1.0,1.0,1.0,1.0,1.0,1.0,1.0,1.0,0.016373653008406652
miuTech_1,0.0,0.0,0.0,0.0,0.0,0.0,0.0,0.0,0.0,0.0,0.0,0.0,0.0,0.0,0.0,0.0,0.0,0.0,0.0,0.0,0.0,0.0,0.0,0.0,0.0,0.0,0.0,0.0,0.0,0.0,0.0,0.0,0.0,0.0,0.0,0.0,0.0,0.0,0.0,0.0,0.0,0.0,0.0,0.0,0.0,0.0,0.0,0.0,0.0,0.0,0.0,0.0,0.0,0.0,0.0,0.0,0.0,0.0,0.0,0.0,0.0,0.0,0.0,0.0,0.0,0.0,0.0,0.0,0.0,0.0,0.0,0.0,0.0,0.0,0.0,0.0,0.0,0.0,0.0,0.0,0.0,0.0,0.0,0.0,0.0,0.0,0.0,0.0,0.0,0.0,0.0,0.0,0.0,0.0,0.0,0.0,0.0,0.0,0.0,0.0,0.0,0.0,0.0,0.0,0.0,0.0,0.0,0.0,0.0,0.0,0.0,0.0,0.0,0.0,0.0,0.0,0.0,0.0,0.0,0.0,0.0,0.0,0.0,0.0,0.0,0.0,0.0,0.0,0.0,0.0,0.0,0.0,0.0,0.0,0.0,0.0,0.0,0.0,0.0,0.0,0.0,0.0,0.0,0.0,0.0,0.0,0.0,0.0,0.0,0.0,0.0,0.0,0.0,0.0,0.0,0.0,0.0,0.0,0.0,0.0,0.0,0.0,0.0,0.0,0.0,0.0,0.0,0.0,0.0,0.0,0.0,0.0,0.0,0.0,0.0,0.0,0.0,0.0,0.0,0.0,0.0,0.0,0.0,0.0,0.0,0.0,0.0,0.0,0.0,0.0,0.0,0.0,0.0,0.0,0.0,0.0,0.0,0.0,0.0,0.0,0.0,0.0,0.0,0.0,0.0,0.0,0.0,0.0,0.0,0.0,0.0,0.0,0.0,0.0,0.0,0.0,0.0,0.0,0.0,0.0,0.0,0.0,0.0,0.0,0.0,0.0,0.0,0.0,0.0,0.0,0.0,0.0,0.0,0.0,0.0,0.0,0.0,0.0,0.0,0.0,0.0,0.0,0.0,0.0,0.0,0.0,0.0,0.0,0.0,0.0,0.0,0.0,0.0,0.0,0.0,0.0,0.0,0.0,0.0,0.0,0.0,0.0,0.0,0.0,0.0,0.0,0.0,0.0,0.0,0.0,0.0,0.0,0.0,0.0,0.0,0.0,0.0,0.0,0.0,0.0,0.0,0.0,0.0,0.0,0.0,0.0,0.0,0.0,0.0,0.0,0.0,0.0,0.0,0.0,0.0,0.0,0.0,0.0,0.0,0.0,0.0
freeAbateAmount,0.0,0.0,0.0,0.0,0.0,0.0,0.0,0.0,0.0,0.0,0.0,0.0,0.0,0.0,0.0,0.0,0.0,0.0,0.0,0.0,0.0,0.0,0.0,0.0,0.0,0.0,0.0,0.0,0.0,0.0,0.0,0.0,0.0,0.0,0.0,0.0,0.0,0.0,0.0,0.0,0.0,0.0,0.0,0.0,0.0,0.0,0.0,0.0,0.0,0.0,0.0,0.0,0.0,0.0,0.0,0.0,0.0,0.0,0.0,0.0,0.0,0.0,0.0,0.0,0.0,0.0,0.0,0.0,0.0,0.0,0.0,0.0,0.0,0.0,0.0,0.0,0.0,0.0,0.0,0.0,0.0,0.0,0.0,0.0,0.0,0.0,0.0,0.0,0.0,0.0,0.0,0.0,0.0,0.0,0.0,0.0,0.0,0.0,0.0,0.0,0.0,0.0,0.0,0.0,0.0,0.0,0.0,0.0,0.0,0.0,0.0,0.0,0.0,0.0,0.0,0.0,0.0,0.0,0.0,0.0,0.0,0.0,0.0,0.0,0.0,0.0,0.0,0.0,0.0,0.0,0.0,0.0,0.0,0.0,0.0,0.0,0.0,0.0,0.0,0.0,0.0,0.0,0.0,0.0,0.0,0.0,0.0,0.0,0.0,0.0,0.0,0.0,0.0,0.0,0.0,0.0,0.0,0.0,0.0,0.0,0.0,0.0,0.0,0.0,0.0,0.0,0.0,0.0,0.0,0.0,0.0,0.0,0.0,0.0,0.0,0.0,0.0,0.0,0.0,0.0,0.0,0.0,0.0,0.0,0.0,0.0,0.0,0.0,0.0,0.0,0.0,0.0,0.0,0.0,0.0,0.0,0.0,0.0,0.0,0.0,0.0,0.0,0.0,0.0,0.0,0.0,0.0,0.0,0.0,0.0,0.0,0.0,0.0,0.0,0.0,0.0,0.0,0.0,0.0,0.0,0.0,0.0,0.0,0.0,0.0,0.0,0.0,0.0,0.0,0.0,0.0,0.0,0.0,0.0,0.0,0.0,0.0,0.0,0.0,0.0,0.0,0.0,0.0,0.0,0.0,0.0,0.0,0.0,0.0,0.0,0.0,0.0,0.0,0.0,0.0,0.0,0.0,0.0,0.0,0.0,0.0,0.0,0.0,0.0,0.0,0.0,0.0,0.0,0.0,0.0,0.0,0.0,0.0,0.0,0.0,0.0,0.0,0.0,0.0,0.0,0.0,0.0,0.0,0.0,0.0,0.0,0.0,0.0,0.0,0.0,0.0,0.0,0.0,0.0,0.0,0.0,0.0,0.0,0.0,0.0,0.0
L,1.0,1.0413797439924106,1.0800835189859719,1.1161452907142158,1.1496291943428112,1.1806227062222756,1.2092306435318776,1.2355700021949907,1.2597656029695083,1.2819464893522041,1.3022430057054848,1.3207844770131396,1.3376974105451205,1.3531041425662595,1.3671218585905953,1.379861922460196,1.391429456918818,1.4019231258039735,1.4114350751321691,1.420050996978906,1.427850286038197,1.4349062640389818,1.4412864517999755,1.4470528726535483,1.4522623743149445,1.456966959076603,1.4612141145325857,1.4650471389481197,1.4685054569433156,1.471624922412426,1.4744381065989873,1.4769745700354038,1.4792611176697847,1.481322036974682,1.4831793191884943,1.4848528641031096,1.4863606689995692,1.4877190024625948,1.488942563887428,1.4900446295389767,1.491037186042147,1.4919310521802782,1.492735989861182,1.4934608050817921,1.4941134396862332,1.4947010546709067,1.4952301057460269,1.4957064118175136,1.496135217007457,1.4965212467863827,1.496868758746925,1.4971815885066928,1.4974631911883831,1.4977166788877505,1.497944854504949,1.4981502422820634,1.498335115359305,1.4985015206342869,1.4986513011829583,1.4987861164770084,1.4989074606107888,1.4990166787308734,1.4991149818431895,1.4992034601560715,1.4992830951024856,1.4993547701709553,1.4994192806622435,1.4994773424775343,1.499529600033607,1.4995766333911988,1.4996189646743436,1.4996570638508657,1.4996913539373273,1.4997222156855072,1.4997499918018757,1.4997749907464506,1.499797490152847,1.4998177399071944,1.4998359649198683,1.499852367620624,1.4998671302046784,1.499880416654562,1.499892374560088,1.4999031367565732,1.4999128227994345,1.4999215402914903,1.49992938607766,1.4999364473203016,1.4999428024671013,1.4999485221222428,1.4999536698305183,1.4999583027830714,1.499962472452604,1.4999662251650936,1.4999696026143619,1.4999726423252056,1.4999753780702314,1.4999778402450208,1.499980056205787,1.4999820505732755,1.4999838455062826,1.4999854609478254,1.4999869148467013,1.4999882233568946,1.4999894010170447,1.4999904609119699,1.499991414818043,1.4999922733340278,1.499993045998834,1.4999937413974997,1.4999943672565745,1.4999949305299654,1.4999954374761977,1.4999958937279536,1.4999963043546523,1.4999966739187773,1.4999970065265678,1.499997305873642,1.4999975752860601,1.4999978177572777,1.4999980359814071,1.4999982323831507,1.4999984091447418,1.4999985682301917,1.499998711407111,1.49999884026635,1.4999989562396745,1.4999990606156743,1.4999991545540805,1.4999992390986512,1.4999993151887687,1.499999383669878,1.4999994453028787,1.4999995007725817,1.499999550695316,1.4999995956257783,1.4999996360631955,1.499999672456872,1.4999997052111815,1.4999997346900606,1.4999997612210523,1.4999997850989455,1.4999998065890494,1.4999998259301432,1.499999843337128,1.4999998590034143,1.4999998731030724,1.4999998857927646,1.4999998972134878,1.4999999074921386,1.4999999167429245,1.4999999250686318,1.4999999325617686,1.4999999393055914,1.4999999453750321,1.4999999508375288,1.4999999557537758,1.4999999601783982,1.4999999641605584,1.4999999677445024,1.4999999709700522,1.499999973873047,1.4999999764857423,1.499999978837168,1.4999999809534512,1.4999999828581059,1.4999999845722953,1.499999986115066,1.4999999875035592,1.4999999887532032,1.4999999898778829,1.4999999908900945,1.4999999918010851,1.4999999926209766,1.499999993358879,1.4999999940229911,1.499999994620692,1.4999999951586225,1.49999999564276,1.4999999960784842,1.4999999964706359,1.4999999968235722,1.499999997141215,1.4999999974270932,1.4999999976843836,1.4999999979159453,1.4999999981243506,1.4999999983119154,1.4999999984807237,1.499999998632651,1.499999998769386,1.499999998892447,1.4999999990032025,1.499999999102882,1.4999999991925939,1.4999999992733346,1.4999999993460011,1.499999999411401,1.4999999994702609,1.4999999995232347,1.4999999995709112,1.4999999996138202,1.4999999996524382,1.4999999996871944,1.499999999718475,1.4999999997466273,1.4999999997719646,1.499999999794768,1.499999999815291,1.4999999998337619,1.4999999998503855,1.4999999998653468,1.499999999878812,1.4999999998909306,1.4999999999018374,1.4999999999116536,1.499999999920488,1.4999999999284392,1.499999999935595,1.4999999999420355,1.4999999999478317,1.4999999999530484,1.4999999999577436,1.499999999961969,1.499999999965772,1.4999999999691949,1.4999999999722753,1.4999999999750477,1.499999999977543,1.4999999999797886,1.4999999999818097,1.4999999999836284,1.4999999999852653,1.4999999999867388,1.4999999999880647,1.499999999989258,1.499999999990332,1.4999999999912987,1.4999999999921687,1.4999999999929516,1.4999999999936564,1.4999999999942908,1.4999999999948617,1.4999999999953755,1.4999999999958378,1.499999999996254,1.4999999999966287,1.4999999999969658,1.499999999997269,1.4999999999975422,1.499999999997788,1.4999999999980091,1.4999999999982083,1.4999999999983875,1.4999999999985487,1.499999999998694,1.4999999999988245,1.499999999998942,1.4999999999990479,1.4999999999991431,1.4999999999992286,1.4999999999993059,1.4999999999993752,1.4999999999994378,1.499999999999494,1.4999999999995446,1.49999999999959,1.499999999999631,1.4999999999996678,1.4999999999997011,1.499999999999731,1.499999999999758,1.4999999999997822,1.4999999999998037,1.4999999999998233,1.4999999999998408,1.4999999999998568,1.499999999999871,1.4999999999998839,1.4999999999998954,1.4999999999999056,1.499999999999915,1.4999999999999232,1.4999999999999307,1.4999999999999376,1.4999999999999438,1.4999999999999494,1.4999999999999543,1.499999999999959,1.499999999999963,1.4999999999999665,1.4999999999999698,1.4999999999999727,1.4999999999999754,1.4999999999999776,1.4999999999999798,1.4999999999999818,1.4999999999999833,1.499999999999985,1.4999999999999862,1.4999999999999876
xMiu,0.0,1.0,206.45957112981435,245.97579659227233,287.46605054218395,299.0,300.0
xTech,0.0,1.0,267.5638443440545,277.814406796319,288.3363036345085,299.0,300.0
xSavings,0.0,1.0,37.55544783346421,277.58994236357313,287.68332330260574,299.0,300.0
yMiu,1.0,1.0,1.0,1.0,1.0,1.0,0.016373653008406534
yTechArray,1.0,1.0,1.0,1.0,1.0,1.0,1.0,0.0,0.0,0.0,0.0,0.0,0.0,0.0
ySavings,0.3772988829114107,0.3360154284555574,0.26414904485842405,0.2619779470808214,0.2613611082575521,0.26748641342358237,-8.38328547989724
miuRatios_0,1.0,1.0,1.0,1.0,1.0,1.0,1.0,1.0,1.0,1.0,1.0,1.0,1.0,1.0,1.0,1.0,1.0,1.0,1.0,1.0,1.0,1.0,1.0,1.0,1.0,1.0,1.0,1.0,1.0,1.0,1.0,1.0,1.0,1.0,1.0,1.0,1.0,1.0,1.0,1.0,1.0,1.0,1.0,1.0,1.0,1.0,1.0,1.0,1.0,1.0,1.0,1.0,1.0,1.0,1.0,1.0,1.0,1.0,1.0,1.0,1.0,1.0,1.0,1.0,1.0,1.0,1.0,1.0,1.0,1.0,1.0,1.0,1.0,1.0,1.0,1.0,1.0,1.0,1.0,1.0,1.0,1.0,1.0,1.0,1.0,1.0,1.0,1.0,1.0,1.0,1.0,1.0,1.0,1.0,1.0,1.0,1.0,1.0,1.0,1.0,1.0,1.0,1.0,1.0,1.0,1.0,1.0,1.0,1.0,1.0,1.0,1.0,1.0,1.0,1.0,1.0,1.0,1.0,1.0,1.0,1.0,1.0,1.0,1.0,1.0,1.0,1.0,1.0,1.0,1.0,1.0,1.0,1.0,1.0,1.0,1.0,1.0,1.0,1.0,1.0,1.0,1.0,1.0,1.0,1.0,1.0,1.0,1.0,1.0,1.0,1.0,1.0,1.0,1.0,1.0,1.0,1.0,1.0,1.0,1.0,1.0,1.0,1.0,1.0,1.0,1.0,1.0,1.0,1.0,1.0,1.0,1.0,1.0,1.0,1.0,1.0,1.0,1.0,1.0,1.0,1.0,1.0,1.0,1.0,1.0,1.0,1.0,1.0,1.0,1.0,1.0,1.0,1.0,1.0,1.0,1.0,1.0,1.0,1.0,1.0,1.0,1.0,1.0,1.0,1.0,1.0,1.0,1.0,1.0,1.0,1.0,1.0,1.0,1.0,1.0,1.0,1.0,1.0,1.0,1.0,1.0,1.0,1.0,1.0,1.0,1.0,1.0,1.0,1.0,1.0,1.0,1.0,1.0,1.0,1.0,1.0,1.0,1.0,1.0,1.0,1.0,1.0,1.0,1.0,1.0,1.0,1.0,1.0,1.0,1.0,1.0,1.0,1.0,1.0,1.0,1.0,1.0,1.0,1.0,1.0,1.0,1.0,1.0,1.0,1.0,1.0,1.0,1.0,1.0,1.0,1.0,1.0,1.0,1.0,1.0,1.0,1.0,1.0,1.0,1.0,1.0,1.0,1.0,1.0,1.0,1.0,1.0,1.0,1.0,1.0,1.0,1.0,1.0,1.0,1.0,1.0,1.0,1.0,1.0,1.0,1.0
miuRatios_1,0.0,0.0,0.0,0.0,0.0,0.0,0.0,0.0,0.0,0.0,0.0,0.0,0.0,0.0,0.0,0.0,0.0,0.0,0.0,0.0,0.0,0.0,0.0,0.0,0.0,0.0,0.0,0.0,0.0,0.0,0.0,0.0,0.0,0.0,0.0,0.0,0.0,0.0,0.0,0.0,0.0,0.0,0.0,0.0,0.0,0.0,0.0,0.0,0.0,0.0,0.0,0.0,0.0,0.0,0.0,0.0,0.0,0.0,0.0,0.0,0.0,0.0,0.0,0.0,0.0,0.0,0.0,0.0,0.0,0.0,0.0,0.0,0.0,0.0,0.0,0.0,0.0,0.0,0.0,0.0,0.0,0.0,0.0,0.0,0.0,0.0,0.0,0.0,0.0,0.0,0.0,0.0,0.0,0.0,0.0,0.0,0.0,0.0,0.0,0.0,0.0,0.0,0.0,0.0,0.0,0.0,0.0,0.0,0.0,0.0,0.0,0.0,0.0,0.0,0.0,0.0,0.0,0.0,0.0,0.0,0.0,0.0,0.0,0.0,0.0,0.0,0.0,0.0,0.0,0.0,0.0,0.0,0.0,0.0,0.0,0.0,0.0,0.0,0.0,0.0,0.0,0.0,0.0,0.0,0.0,0.0,0.0,0.0,0.0,0.0,0.0,0.0,0.0,0.0,0.0,0.0,0.0,0.0,0.0,0.0,0.0,0.0,0.0,0.0,0.0,0.0,0.0,0.0,0.0,0.0,0.0,0.0,0.0,0.0,0.0,0.0,0.0,0.0,0.0,0.0,0.0,0.0,0.0,0.0,0.0,0.0,0.0,0.0,0.0,0.0,0.0,0.0,0.0,0.0,0.0,0.0,0.0,0.0,0.0,0.0,0.0,0.0,0.0,0.0,0.0,0.0,0.0,0.0,0.0,0.0,0.0,0.0,0.0,0.0,0.0,0.0,0.0,0.0,0.0,0.0,0.0,0.0,0.0,0.0,0.0,0.0,0.0,0.0,0.0,0.0,0.0,0.0,0.0,0.0,0.0,0.0,0.0,0.0,0.0,0.0,0.0,0.0,0.0,0.0,0.0,0.0,0.0,0.0,0.0,0.0,0.0,0.0,0.0,0.0,0.0,0.0,0.0,0.0,0.0,0.0,0.0,0.0,0.0,0.0,0.0,0.0,0.0,0.0,0.0,0.0,0.0,0.0,0.0,0.0,0.0,0.0,0.0,0.0,0.0,0.0,0.0,0.0,0.0,0.0,0.0,0.0,0.0,0.0,0.0,0.0,0.0,0.0,0.0,0.0,0.0,0.0,0.0,0.0,0.0,0.0,0.0
savings,0.3772988829114107,0.3360154284555574,0.3308785504254257,0.32599011547885737,0.32134403964168456,0.31693423893973927,0.3127546293988535,0.30879912704485946,0.305061647903589,0.3015361080008742,0.29821642336254733,0.29509651001444015,0.2921702839823849,0.2894316612922136,0.2868745579697582,0.28449289004085093,0.2822805735313237,0.2802315244670086,0.27833965887373774,0.2765988927773431,0.27500314220365674,0.27354632317851074,0.2722223517277371,0.271025143877168,0.26994861565263534,0.2689866830799712,0.2681332621850077,0.26738226899357687,0.26672761953151075,0.26616322982464136,0.26568301589880083,0.26528089377982117,0.26495077949353435,0.2646865890657726,0.2644822385223678,0.2643316438891521,0.2642287211919575,0.2641673864566162,0.2641385040304924,0.26411503742604264,0.264091907136481,0.26406911044457165,0.2640466446330785,0.2640245069847656,0.2640026947823967,0.26398120530873603,0.26396003584654754,0.26393918367859515,0.2639186460876428,0.2638984203564547,0.2638785037677947,0.26385889360442677,0.2638395871491148,0.263820581684623,0.2638018744937152,0.26378346285915555,0.26376534406370783,0.2637475153901362,0.2637299741212045,0.2637127175396769,0.2636957429283172,0.2636790475698895,0.26366262874715785,0.2636464837428861,0.26363060983983827,0.26361500432077833,0.2635996644684704,0.2635845875656783,0.2635697708951662,0.26355521173969787,0.26354090738203745,0.26352685510494894,0.2635130521911963,0.2634994959235434,0.2634861835847544,0.26347311245759325,0.26346027982482395,0.2634476829692103,0.26343531917351654,0.26342318572050655,0.26341127989294433,0.2633995989735938,0.26338814024521906,0.26337690099058403,0.26336587849245274,0.2633550700335891,0.2633444728967572,0.26333408436472105,0.26332390172024456,0.2633139222460916,0.26330414322502643,0.2632945619398129,0.2632851756732149,0.2632759817079966,0.2632669773269219,0.26325815981275474,0.2632495264482593,0.26324107451619927,0.26323280129933885,0.2632247040804421,0.2632167801422728,0.263209026767595,0.2632014412391727,0.26319402083977,0.26318676285215076,0.263179664559079,0.2631727232433187,0.2631659361876339,0.26315930067478854,0.2631528139875466,0.2631464734086721,0.263140276220929,0.2631342197070814,0.26312830114989305,0.2631225178321282,0.2631168670365507,0.2631113460459245,0.26310595214301363,0.2631006826105822,0.26309553473139413,0.26309050578821325,0.26308559306380375,0.2630807938409295,0.2630761054023546,0.2630715250308429,0.2630670500091585,0.2630626776200654,0.26305840514632745,0.2630542298707088,0.2630501490759733,0.26304616004488507,0.263042260060208,0.26303844640470614,0.2630347163611434,0.26303106721228386,0.2630274962408915,0.2630240007297302,0.2630205779615641,0.26301722521915705,0.26301393978527315,0.2630107189426763,0.26300755997413056,0.2630044601623999,0.2630014167902483,0.26299842714043975,0.2629954884957383,0.2629925981389078,0.2629897533527123,0.26298695141991585,0.2629841896232824,0.26298146524557586,0.26297877556956034,0.2629761178779998,0.2629734894536582,0.2629708875792995,0.2629683095376878,0.26296575261158694,0.26296321408376105,0.26296069123697396,0.26295818135398985,0.2629556817175725,0.26295318961048614,0.2629507023154945,0.26294821711536176,0.26294573129285187,0.2629432421307288,0.2629407469117565,0.262938242918699,0.26293572743432025,0.2629331977413843,0.2629306511226551,0.26292808486089664,0.26292549623887296,0.262922882539348,0.2629202410450857,0.26291756903885016,0.26291486380340523,0.26291212262151503,0.2629093427759435,0.26290652154945465,0.26290365622481243,0.26290074408478087,0.26289778241212386,0.2628947684896055,0.26289169959998976,0.2628885730260407,0.2628853860505221,0.2628821359561981,0.2628788200258326,0.26287543554218973,0.26287197978803334,0.26286845004612747,0.2628648435992362,0.26286115773012336,0.262857389721553,0.26285353685628915,0.26284959641709577,0.2628455656867368,0.2628414419479763,0.2628372224835782,0.26283290457630665,0.26282848550892546,0.26282396256419854,0.26281933302489013,0.2628145941737641,0.2628097432935845,0.26280477766711513,0.2627996945771201,0.26279449130636345,0.2627891651376092,0.2627837133536211,0.26277813323716337,0.26277242207100004,0.26276657713789486,0.26276059572061194,0.2627544751019153,0.262748212564569,0.2627418053913368,0.26273525086498284,0.26272854626827113,0.2627216888839657,0.2627146759948304,0.26270750488362915,0.2627001728331262,0.2626926771260854,0.26268501504527075,0.2626771838734462,0.2626691808933757,0.2626610033878234,0.26265264863955323,0.262644113931329,0.262635396545915,0.262626493766075,0.2626174028745731,0.2626081211541732,0.2625986458876393,0.2625889743577355,0.26257910384722566,0.26256903163887385,0.26255875501544396,0.2625482712597001,0.2625375776544062,0.2625266714823263,0.26251555002622423,0.2625042105688642,0.26249265039301006,0.2624808667814258,0.2624688570168754,0.262456618382123,0.26244414815993244,0.2624314436330677,0.2624185020842928,0.26240532079637174,0.26239189705206856,0.26237822813414724,0.26236431132537164,0.26235014390850586,0.2623357231663139,0.26232104638155973,0.2623061108370072,0.2622909138154206,0.2622754525995636,0.26225972447220036,0.26224372671609486,0.2622274566140111,0.262210911448713,0.2621940885029646,0.2621769850595298,0.26215959840117276,0.2621419258106573,0.2621239645707476,0.26210571196420734,0.2620871652738009,0.26206832178229195,0.26204917877244466,0.26202973352702286,0.26200998332879066,0.2619899254605121,0.2619672776680039,0.2619239096524428,0.26186075246890006,0.2617838034006556,0.26169905973098906,0.2616125187431803,0.261530177720509,0.2614580339462549,0.26140208470369763,0.26136832727611714,0.26137522923932466,0.261590567191526,0.26202610053529474,0.26263111242319936,0.2633548860078088,0.2641467044416918,0.26495585087741697,0.2657316084675531,0.26642326036466907,0.26698008972133336,0.2673513796901149,0.26748641342358237,-8.38328547989724
freeAbateFract,0.0,0.0,0.0,0.0,0.0,0.0,0.0,0.0,0.0,0.0,0.0,0.0,0.0,0.0,0.0,0.0,0.0,0.0,0.0,0.0,0.0,0.0,0.0,0.0,0.0,0.0,0.0,0.0,0.0,0.0,0.0,0.0,0.0,0.0,0.0,0.0,0.0,0.0,0.0,0.0,0.0,0.0,0.0,0.0,0.0,0.0,0.0,0.0,0.0,0.0,0.0,0.0,0.0,0.0,0.0,0.0,0.0,0.0,0.0,0.0,0.0,0.0,0.0,0.0,0.0,0.0,0.0,0.0,0.0,0.0,0.0,0.0,0.0,0.0,0.0,0.0,0.0,0.0,0.0,0.0,0.0,0.0,0.0,0.0,0.0,0.0,0.0,0.0,0.0,0.0,0.0,0.0,0.0,0.0,0.0,0.0,0.0,0.0,0.0,0.0,0.0,0.0,0.0,0.0,0.0,0.0,0.0,0.0,0.0,0.0,0.0,0.0,0.0,0.0,0.0,0.0,0.0,0.0,0.0,0.0,0.0,0.0,0.0,0.0,0.0,0.0,0.0,0.0,0.0,0.0,0.0,0.0,0.0,0.0,0.0,0.0,0.0,0.0,0.0,0.0,0.0,0.0,0.0,0.0,0.0,0.0,0.0,0.0,0.0,0.0,0.0,0.0,0.0,0.0,0.0,0.0,0.0,0.0,0.0,0.0,0.0,0.0,0.0,0.0,0.0,0.0,0.0,0.0,0.0,0.0,0.0,0.0,0.0,0.0,0.0,0.0,0.0,0.0,0.0,0.0,0.0,0.0,0.0,0.0,0.0,0.0,0.0,0.0,0.0,0.0,0.0,0.0,0.0,0.0,0.0,0.0,0.0,0.0,0.0,0.0,0.0,0.0,0.0,0.0,0.0,0.0,0.0,0.0,0.0,0.0,0.0,0.0,0.0,0.0,0.0,0.0,0.0,0.0,0.0,0.0,0.0,0.0,0.0,0.0,0.0,0.0,0.0,0.0,0.0,0.0,0.0,0.0,0.0,0.0,0.0,0.0,0.0,0.0,0.0,0.0,0.0,0.0,0.0,0.0,0.0,0.0,0.0,0.0,0.0,0.0,0.0,0.0,0.0,0.0,0.0,0.0,0.0,0.0,0.0,0.0,0.0,0.0,0.0,0.0,0.0,0.0,0.0,0.0,0.0,0.0,0.0,0.0,0.0,0.0,0.0,0.0,0.0,0.0,0.0,0.0,0.0,0.0,0.0,0.0,0.0,0.0,0.0,0.0,0.0,0.0,0.0,0.0,0.0,0.0,0.0,0.0,0.0,0.0,0.0,0.0,0.0
act,0.7575952369372649, 0.8719992115979548, 0.9940544594658293, 0.9944335052095135, 0.9954046775051125, 0.9974275334670873, 0.9948966019480842, 0.10292809237776825, 0.9945346603239268, 1.0, 1.0, 1.0, 1.0, 1.0, 1.0, 0.016373653008406534, 1.0, 1.0, 1.0, 1.0, 1.0, 1.0, 1.0, 0.3772988829114107, 0.3360154284555574, 0.26414904485842405, 0.2619779470808214, 0.2613611082575521, 0.26748641342358237, -8.38328547989724
