miuDecisionTimes,0,1.0,-0.1,-0.1,-0.1,299.0,300
limMiuLower,0.0,0.0,0.0,0.0,0.0,0.0,0.0
limMiuUpper,1.0,1.0,1.0,1.0,1.0,1.0,1.0
miuInitialCondition,1.0,1.0,1.0,1.0,1.0,1.0,1.0
techDecisionTimes,0,1.0,-0.1,-0.1,-0.1,299.0,300
savingsDecisionTimes,0,1.0,-0.1,-0.1,-0.1,299.0,300
miuDecisions,
techDecisions,
savingsDecisions,
techLearningCurve,False,True
techInitCost,0.2,0.035481
techInitAmount,0,1e-06
techLearningRate,0.005,0.13750352374993496
firstUnitFractionalCost,0.0,0.5
tlist,0.0,1.0,2.0,3.0,4.0,5.0,6.0,7.0,8.0,9.0,10.0,11.0,12.0,13.0,14.0,15.0,16.0,17.0,18.0,19.0,20.0,21.0,22.0,23.0,24.0,25.0,26.0,27.0,28.0,29.0,30.0,31.0,32.0,33.0,34.0,35.0,36.0,37.0,38.0,39.0,40.0,41.0,42.0,43.0,44.0,45.0,46.0,47.0,48.0,49.0,50.0,51.0,52.0,53.0,54.0,55.0,56.0,57.0,58.0,59.0,60.0,61.0,62.0,63.0,64.0,65.0,66.0,67.0,68.0,69.0,70.0,71.0,72.0,73.0,74.0,75.0,76.0,77.0,78.0,79.0,80.0,81.0,82.0,83.0,84.0,85.0,86.0,87.0,88.0,89.0,90.0,91.0,92.0,93.0,94.0,95.0,96.0,97.0,98.0,99.0,100.0,101.0,102.0,103.0,104.0,105.0,106.0,107.0,108.0,109.0,110.0,111.0,112.0,113.0,114.0,115.0,116.0,117.0,118.0,119.0,120.0,121.0,122.0,123.0,124.0,125.0,126.0,127.0,128.0,129.0,130.0,131.0,132.0,133.0,134.0,135.0,136.0,137.0,138.0,139.0,140.0,141.0,142.0,143.0,144.0,145.0,146.0,147.0,148.0,149.0,150.0,151.0,152.0,153.0,154.0,155.0,156.0,157.0,158.0,159.0,160.0,161.0,162.0,163.0,164.0,165.0,166.0,167.0,168.0,169.0,170.0,171.0,172.0,173.0,174.0,175.0,176.0,177.0,178.0,179.0,180.0,181.0,182.0,183.0,184.0,185.0,186.0,187.0,188.0,189.0,190.0,191.0,192.0,193.0,194.0,195.0,196.0,197.0,198.0,199.0,200.0,201.0,202.0,203.0,204.0,205.0,206.0,207.0,208.0,209.0,210.0,211.0,212.0,213.0,214.0,215.0,216.0,217.0,218.0,219.0,220.0,221.0,222.0,223.0,224.0,225.0,226.0,227.0,228.0,229.0,230.0,231.0,232.0,233.0,234.0,235.0,236.0,237.0,238.0,239.0,240.0,241.0,242.0,243.0,244.0,245.0,246.0,247.0,248.0,249.0,250.0,251.0,252.0,253.0,254.0,255.0,256.0,257.0,258.0,259.0,260.0,261.0,262.0,263.0,264.0,265.0,266.0,267.0,268.0,269.0,270.0,271.0,272.0,273.0,274.0,275.0,276.0,277.0,278.0,279.0,280.0,281.0,282.0,283.0,284.0,285.0,286.0,287.0,288.0,289.0,290.0,291.0,292.0,293.0,294.0,295.0,296.0,297.0,298.0,299.0,300.0
rr,1.0,0.9704455335485082,0.9417645335842487,0.9139311852712282,0.8869204367171575,0.8607079764250578,0.835270211411272,0.8105842459701871,0.7866278610665535,0.7633794943368531,0.7408182206817179,0.7189237334319262,0.697676326071031,0.6770568744981647,0.6570468198150567,0.6376281516217733,0.6187833918061408,0.6004955788122659,0.5827482523739896,0.5655254386995371,0.5488116360940265,0.5325918010068972,0.5168513344916993,0.5015760690660556,0.4867522559599717,0.4723665527410147,0.4584060113052235,0.44485806622294116,0.43171052342907973,0.418951549247639,0.40656965974059917,0.39455371037160114,0.38289288597511206,0.3715766910220457,0.3605949401730783,0.3499377491111553,0.3395955256449391,0.3295589610751891,0.31981902181630395,0.31036694126548503,0.30119421191220214,0.2922925776808594,0.2836540264997704,0.27527078308975234,0.2671353019658504,0.25924026064589156,0.2515785530597565,0.2441432831534371,0.23692775868212176,0.22992548518672384,0.22313016014842982,0.21653566731600707,0.21013607120076472,0.20392561173421347,0.1978986990836147,0.19204990862075413,0.18637397603940997,0.1808657926171221,0.17552040061699686,0.17033298882540943,0.16529888822158656,0.1604135677751728,0.15567263036799733,0.15107180883637086,0.14660696213035015,0.1422740715865136,0.13806923731089282,0.13398867466880499,0.1300287108784259,0.12618578170503877,0.1224564282529819,0.11883729385240965,0.11532512103806251,0.11191674861732888,0.10860910882495801,0.10539922456186433,0.10228420671553748,0.09926125155964566,0.09632763823049303,0.09348072627805847,0.09071795328941251,0.08803683258237259,0.08543495096732123,0.0829099665751727,0.08045960674953244,0.07808166600115317,0.07577400402284548,0.0735345437630571,0.07136126955638608,0.069252225309346,0.06720551273974978,0.06521928966812753,0.06329176835964073,0.06142121391500013,0.05960594270893937,0.057844320874838456,0.056134762834133725,0.05447572986918988,0.05286572873835037,0.051303310331919136,0.049787068367863944,0.04831563812606779,0.046887695219988486,0.04550195440462157,0.04415716841969286,0.04285212686704019,0.04158565512117318,0.04035661327203115,0.03916389509898708,0.038006427075174314,0.036883167401240015,0.0357931050676553,0.03473525894473856,0.033708676899572416,0.03271243493901982,0.03174563637806795,0.030807411032751076,0.02989691443692632,0.029013327082197053,0.028155853680300106,0.02732372244729257,0.02651618440889418,0.025732512726359954,0.024972002042276155,0.024233967845691123,0.023517745856009107,0.02282269142509298,0.022148178957037315,0.021493601345089923,0.020858369425214726,0.02024191144580439,0.0196436725530653,0.019063114291611637,0.01849971411981925,0.017952964939502866,0.017422374639493515,0.01690746565270528,0.01640777452629266,0.015922851504511698,0.015452260123909515,0.014995576820477703,0.014552390548416136,0.014122302410163962,0.013704925297364945,0.013299883542443767,0.012906812580479873,0.012525358621074385,0.012155178329914935,0.011795938519751572,0.01144731585050571,0.011108996538242306,0.010780676072743084,0.010462058943426803,0.010152858373369763,0.009852796061187257,0.009561601930543513,0.009279013887064744,0.00900477758243656,0.00873864618547329,0.008480380159953269,0.00822974704902003,0.007986521265955502,0.007750483891136699,0.00752142247499327,0.007299130846788583,0.0070834089290521185,0.006874062557496255,0.006670903306255274,0.006473748318289405,0.006282420140801123,0.006096746565515638,0.005916560473681857,0.005741699685654202,0.005572006814919998,0.00540732912644096,0.005247518399181385,0.005092430792699196,0.004941926717679822,0.004795870710296421,0.004654131310283272,0.00451658094261267,0.004383095802668776,0.004253555744815125,0.004127844174255436,0.00400584794209042,0.0038874572434761303,0.0037725655187922052,0.0036610693577310083,0.003552868406221362,0.0034478652761031265,0.003345965457471272,0.003247077233610589,0.0031511115984444414,0.0030579821764233073,0.0029676051447809467,0.002879899158088243,0.0027947852750368437,0.0027121868873866434,0.0026320296510132005,0.0025542414189929983,0.0024787521766663585,0.0024054939786195117,0.002334400887529135,0.002265408914814322,0.0021984559630425313,0.00213348177003771,0.0020704278546402606,0.0020092374640700602,0.0019498555228451206,0.0018922285832099397,0.0018363047770289071,0.0017820337691014916,0.0017293667118571572,0.0016782562013892477,0.0016286562347882806,0.001580522168736217,0.0015338106793244643,0.0014884797230594294,0.0014444884990205433,0.0014017974121366757,0.0013603680375478939,0.0013201630860205026,0.0012811463703842113,0.0012432827729612415,0.0012065382139580404,0.0011708796207911744,0.001136274898319767,0.0011026928999577027,0.0010701033996396044,0.0010384770646153282,0.0010077854290485113,0.0009780008683953946,0.0009490965745408727,0.0009210465316693793,0.0008938254928488935,0.0008674089573070025,0.000841773148378549,0.0008168949921050291,0.0007927520964664691,0.0007693227312271008,0.0007465858083766799,0.0007245208631498513,0.0007031080356064829,0.0006823280527563766,0.0006621622112122769,0.0006425923603555579,0.0006236008859994445,0.0006051706945350532,0.0005872851975459913,0.0005699282968776604,0.0005530843701478336,0.0005367382566854553,0.0005208752438850126,0.0005054810539642003,0.0004905418311129505,0.00047604412902226977,0.0004619748987816513,0.00044832147713417755,0.00043507157507873255,0.00042221326680907034,0.0004097349789797868,0.00039762548028952584,0.000385873871372051,0.00037446957498607833,0.0003634023264950478,0.0003526621646282561,0.0003422394225150397,0.00033212471898394095,0.0003223089501190191,0.00031278328106571065,0.0003035391380788668,0.00029456820080580036,0.0002858623947974087,0.0002774138842406257,0.0002692150649056583,0.00026125855730166754,0.0002535372000347304,0.00024604404336209853,0.00023877234293696414,0.00023171555373808968,0.0002248673241788482,0.00021822149039036782,0.0002117720706736313,0.00020551326011554428,0.00019943942536412282,0.00019354509955809418,0.00018782497740635362,0.00018227391041284545,0.0001768869022425666,0.00017165910422453046,0.00016658581098763354,0.00016166245622550477,0.00015688460858652242,0.00015224796768529672,0.00014774836023203364,0.00014338173627629318,0.0001391441655617589,0.00013503183398874292,0.00013104104018123928,0.00012716819215543435,0.00012340980408667956
al,0.7781200916565773,0.785940328589274,0.7938391602097822,0.8018173764078462,0.8098757750117342,0.8180151618680224,0.8262363509221787,0.8345401642999599,0.8429274323896236,0.8513989939249681,0.8599556960692066,0.8685983944996841,0.8773279534934462,0.8861452460136664,0.8950511537969451,0.9040465674414816,0.9131323864961373,0.9223095195503884,0.9315788843251886,0.9409414077647397,0.9503980261291877,0.9599496850882494,0.9695973398157809,0.9793419550852943,0.9891845053664374,0.9991259749224402,1.009167357908543,1.0193096584714123,1.0295538908495563,1.0399010794747496,1.0503522590744776,1.0609084747754094,1.0715707822079124,1.0823402476116144,1.093217947942031,1.1042049709782598,1.1153024154317601,1.1265113910562257,1.1378330187585592,1.1492684307109662,1.160818770464171,1.1724851930617743,1.184268865155758,1.1961709651231518,1.2081926831838699,1.2203352215197372,1.2325997943947058,1.2449876282762837,1.2574999619581826,1.2701380466841972,1.2829031462733322,1.2957965372461842,1.3088195089525947,1.321973363700587,1.3352594168865977,1.3486789971270168,1.3622334463910515,1.3759241201349237,1.3897523874374165,1.4037196311367839,1.4178272479690353,1.4320766487076104,1.4464692583044574,1.4610065160325298,1.475689875629715,1.490520805444209,1.505500788581352,1.5206313230519413,1.5359139219220328,1.5513501134642491,1.566941441310608,1.5826894646068865,1.5985957581685382,1.614661912638174,1.6308895346446302,1.64728024696363,1.663835688680064,1.6805575153519006,1.6974473991757415,1.7145070291540443,1.731738111264023,1.7491423686282481,1.7667215416869597,1.7844773883721123,1.8024116842831717,1.8205262228646744,1.8388228155855737,1.8573032921203891,1.8759695005321744,1.894823307457326,1.9138665982922485,1.9331012773818936,1.9525292682102007,1.9721525135924416,1.9919729758695075,2.0119926371041434,2.032213499279156,2.0526375844976132,2.0732669351850572,2.094103614293748,2.1151497055089608,2.1364073134573545,2.1578785639174396,2.1795656040321547,2.2014706025235835,2.2235957499098293,2.2459432587240693,2.268515363735807,2.2913143221743546,2.314342413954554,2.337601941904774,2.3610952319971927,2.384824633580397,2.40879251961432,2.433001286907538,2.4574533563569547,2.4821511731898913,2.5070972072086133,2.532293953037311,2.5577439303715646,2.5834496842303154,2.6094137852103714,2.635638829743467,2.66212744035591,2.6888822659308356,2.715905981973097,2.743201290876818,2.7707709221956356,2.7986176329156565,2.8267442077311578,2.85515345932306,2.8838482286401974,2.912831385183413,2.942105827292515,2.9716744824361094,3.0015403075043507,3.031706289104635,3.0621754438602595,3.092950818712092,3.1240354912232626,3.1554325698869277,3.1871451944371163,3.2191765361627125,3.2515297982245817,3.2842082159758896,3.3172150572856447,3.350553622865484,3.384227246599747,3.4182392958788683,3.4525931719361194,3.487292310187735,3.5223401805764567,3.5577402879185285,3.5934961722541865,3.629611409201659,3.6660896103147387,3.702934423443934,3.7401495331012633,3.7777386608287045,3.8157055655703545,3.854054044048326,3.892787931142425,3.9319111002736395,3.971427463791485,4.011340973365243,4.051655620379133,4.0923754363314515,4.133504493237727,4.175046904037926,4.217006823007746,4.259388446174051,4.302196011734475,4.345433800481247,4.389106136229276,4.433217386248527,4.477771961700764,4.52277431808066,4.568228955661355,4.614140419944485,4.660513302114741,4.707352239498982,4.7546619160299795,4.802447062714812,4.850712458107967,4.899462928789208,4.948703349846227,4.998438645362164,5.048673788908016,5.099413804040002,5.150663764801917,5.202428796232546,5.25471407487817,5.307524829310225,5.360866340648163,5.41474394308757,5.469163024433587,5.524129026639699,5.57964744635193,5.635723835458519,5.692363801645105,5.749573008955509,5.807357178358136,5.865722088318076,5.92467357537497,5.984217534726642,6.0443599208186525,6.10510674793973,6.1664640908232045,6.228438085254502,6.291034928684704,6.354260880850323,6.418122264399261,6.482625465523094,6.547776934595683,6.613583186818232,6.680050802870799,6.747186429570383,6.814996780535596,6.883488636858047,6.952668847780441,7.022544331381526,7.093122075267886,7.164409137272731,7.236412646161662,7.309139802345574,7.382597878600689,7.456794220795851,7.531736248627107,7.607431456359697,7.683887413577465,7.761111765939857,7.839112235946454,7.91789662370926,7.997472807732709,8.077848745701512,8.159032475276453,8.241032114898132,8.323855864598855,8.407512006822603,8.492008907253323,8.57735501565146,8.663558866698986,8.750629080852834,8.838574365206988,8.92740351436316,9.017125411310301,9.107749028312865,9.199283427808082,9.291737763312168,9.385121280335733,9.479443317308286,9.574713306512137,9.670940775025588,9.768135345675692,9.866306738000498,9.96546476922106,10.065619355223118,10.166780511548744,10.268958354397874,10.372163101639934,10.47640507383566,10.581694695269134,10.688042494990246,10.795459107867584,10.90395527565196,11.013541848050554,11.124229783811943,11.236030151821929,11.348954132210492,11.463013017469764,11.578218213583332,11.6945812411668,11.812113736619906,11.93082745329013,12.050734262648078,12.171846155474597,12.29417524305991,12.4177337584147,12.542534057493487,12.66858862043016,12.795910052786077,12.92451108681056,13.054404582714188,13.185603529954797,13.318121048536435,13.451970390321403,13.587164940355414,13.723718218206137,13.86164387931515,14.000955716363503,14.141667660650993,14.283793783489314,14.42734829760918,14.572345558581643,14.71880006625362,14.866726466197935,15.016139551177845,15.16705426262637,15.319485692140406,15.47344908298994,15.628959831642355
sigma,1.0,0.9900498337491681,0.9801986733067553,0.9704455335485082,0.9607894391523232,0.951229424500714,0.9417645335842487,0.9323938199059483,0.9231163463866358,0.9139311852712282,0.9048374180359595,0.8958341352965282,0.8869204367171575,0.8780954309205613,0.8693582353988059,0.8607079764250578,0.8521437889662113,0.8436648165963837,0.835270211411272,0.8269591339433623,0.8187307530779818,0.8105842459701871,0.8025187979624785,0.794533602503334,0.7866278610665535,0.7788007830714049,0.7710515858035663,0.7633794943368531,0.7557837414557255,0.7482635675785653,0.7408182206817179,0.7334469562242892,0.7261490370736909,0.7189237334319262,0.7117703227626097,0.7046880897187134,0.697676326071031,0.6907343306373547,0.6838614092123558,0.6770568744981647,0.6703200460356393,0.6636502501363194,0.6570468198150567,0.6505090947233165,0.6440364210831414,0.6376281516217733,0.631283645506926,0.6250022682827008,0.6187833918061408,0.6126263941844161,0.6065306597126334,0.6004955788122659,0.5945205479701944,0.5886049696783552,0.5827482523739896,0.5769498103804866,0.5712090638488149,0.5655254386995371,0.559898366565402,0.5543272847345071,0.5488116360940265,0.5433508690744998,0.5379444375946745,0.5325918010068972,0.5272924240430485,0.522045776761016,0.5168513344916992,0.5117085777865424,0.5066169923655895,0.5015760690660555,0.49658530379140947,0.4916441974609651,0.4867522559599717,0.48190899009020244,0.4771139155210344,0.4723665527410147,0.46766642700990924,0.46301306831122807,0.4584060113052235,0.45384479528235583,0.44932896411722156,0.4448580662229411,0.44043165450599925,0.43604928632153556,0.43171052342907973,0.4274149319487267,0.4231620823177488,0.418951549247639,0.4147829116815814,0.4106557527523455,0.4065696597405991,0.40252422403363597,0.39851904108451414,0.3945537103716011,0.3906278353585211,0.3867410234545012,0.38289288597511206,0.37908303810339883,0.37531109885139957,0.3715766910220457,0.36787944117144233,0.3642189795715233,0.3605949401730783,0.3570069605691474,0.35345468195878016,0.3499377491111553,0.3464558103300574,0.34300851741870664,0.3395955256449391,0.33621649370673334,0.33287108369807955,0.32955896107518906,0.32627979462303947,0.3230332564222529,0.31981902181630384,0.31663676937905316,0.3134861808826053,0.31036694126548503,0.30727873860113125,0.3042212640667041,0.30119421191220214,0.2981972794298874,0.2952301669240142,0.2922925776808594,0.2893842179390506,0.2865047968601901,0.2836540264997704,0.2808316217783798,0.27803730045319414,0.27527078308975234,0.2725317930340126,0.2698200563846868,0.26713530196585034,0.26447726129982396,0.261845668580326,0.2592402606458915,0.2566607769535559,0.25410695955280027,0.25157855305975646,0.24907530463166816,0.24659696394160643,0.2441432831534371,0.24171401689703645,0.23930892224375455,0.23692775868212176,0.23457028809379765,0.23223627472975883,0.22992548518672384,0.22763768838381274,0.22537265553943872,0.22313016014842982,0.2209099779593782,0.21871188695221475,0.21653566731600707,0.21438110142697794,0.21224797382674304,0.21013607120076472,0.20804518235702046,0.20597509820488344,0.20392561173421342,0.20189651799465538,0.1998876140751445,0.19789869908361465,0.19592957412690934,0.19398004229089189,0.19204990862075408,0.1901389801015205,0.1882470656387468,0.18637397603940997,0.18451952399298926,0.18268352405273466,0.1808657926171221,0.17906614791149322,0.17728440996987782,0.17552040061699686,0.17377394345044514,0.17204486382305054,0.17033298882540943,0.1686381472685955,0.1669601696670407,0.16529888822158653,0.16365413680270405,0.16202575093388075,0.16041356777517274,0.15881742610692068,0.1572371663136276,0.1556726303679973,0.1541236618151314,0.15259010575688386,0.15107180883637084,0.14956861922263504,0.14808038659546244,0.14660696213035015,0.14514819848362373,0.14370394977770293,0.1422740715865136,0.140858420921045,0.13945685621505094,0.13806923731089282,0.13669542544552385,0.1353352832366127,0.13398867466880493,0.13265546508012172,0.13133552114849303,0.1300287108784259,0.12873490358780423,0.12745396989482075,0.12618578170503877,0.12493021219858241,0.12368713581745483,0.1224564282529819,0.12123796643338168,0.12003162851145673,0.11883729385240965,0.11765484302177918,0.11648415777349697,0.11532512103806251,0.1141776169108365,0.11304153064044985,0.11191674861732888,0.11080315836233387,0.10970064851551141,0.10860910882495796,0.10752843013579495,0.1064585043792528,0.10539922456186433,0.104350484754765,0.1033121800831002,0.10228420671553744,0.1012664618538834,0.1002588437228037,0.09926125155964566,0.09827358560436154,0.09729574708953276,0.09632763823049303,0.09536916221554961,0.09442022319630235,0.09348072627805847,0.09255057751034329,0.09162968387750484,0.09071795328941251,0.08981529457224763,0.08892161745938634,0.08803683258237255,0.0871608514619813,0.0862935864993705,0.08543495096732123,0.08458485900156469,0.08374322559219596,0.08290996657517266,0.0820849986238988,0.08126823924089167,0.08045960674953244,0.07965902028589801,0.07886639979067495,0.07808166600115313,0.07730474044329974,0.07653554542391151,0.07577400402284548,0.07502004008532698,0.07427357821433388,0.0735345437630571,0.07280286282743559,0.0720784622387661,0.07136126955638605,0.0706512130604296,0.06994822174465536,0.069252225309346,0.06856315415427791,0.06788093937176144,0.06720551273974976,0.06653680671501686,0.06587475442640295,0.06521928966812753,0.06457034689316847,0.06392786120670757,0.0632917683596407,0.06266200474215315,0.06203850737735829,0.06142121391500013,0.06081006262521795,0.06020499239237354,0.05960594270893937,0.05901285366944784,0.05842566596450083,0.057844320874838456,0.05726876026546736,0.0566989265798469,0.056134762834133725,0.05557621261148306,0.05502322005640723,0.05447572986918986,0.05393368730035602,0.053397038145197084,0.05286572873835037,0.05233970594843238,0.05181891717272583,0.05130331033191911,0.0507928338648985,0.050287436723591865,0.049787068367863944
tatm,0.0,0.01972634188536271,0.03816631789717479,0.055454413397634086,0.07158512542069641,0.08656304736225495,0.10040308905503727,0.11313066198370546,0.12478186427931592,0.13540366670419016,0.14505409979583803,0.15380244222961642,0.16172941048737122,0.16886721100828506,0.17518735987147668,0.18067645635007387,0.1853366624672403,0.189185973533673,0.19225849088716318,0.1946046969669664,0.1962917328776516,0.197403678612956,0.198041836120755,0.19832501539649244,0.1983898237946761,0.1983898237946761,0.1983898237946761,0.1983898237946761,0.1983898237946761,0.1983898237946761,0.1983898237946761,0.1983898237946761,0.1983898237946761,0.1983898237946761,0.1983898237946761,0.1983898237946761,0.1983898237946761,0.1983898237946761,0.1983898237946761,0.1983898237946761,0.1983898237946761,0.1983898237946761,0.1983898237946761,0.1983898237946761,0.1983898237946761,0.1983898237946761,0.1983898237946761,0.1983898237946761,0.1983898237946761,0.1983898237946761,0.1983898237946761,0.1983898237946761,0.1983898237946761,0.1983898237946761,0.1983898237946761,0.1983898237946761,0.1983898237946761,0.1983898237946761,0.1983898237946761,0.1983898237946761,0.1983898237946761,0.1983898237946761,0.1983898237946761,0.1983898237946761,0.1983898237946761,0.1983898237946761,0.1983898237946761,0.1983898237946761,0.1983898237946761,0.1983898237946761,0.1983898237946761,0.1983898237946761,0.1983898237946761,0.1983898237946761,0.1983898237946761,0.1983898237946761,0.1983898237946761,0.1983898237946761,0.1983898237946761,0.1983898237946761,0.1983898237946761,0.1983898237946761,0.1983898237946761,0.1983898237946761,0.1983898237946761,0.1983898237946761,0.1983898237946761,0.1983898237946761,0.1983898237946761,0.1983898237946761,0.1983898237946761,0.1983898237946761,0.1983898237946761,0.1983898237946761,0.1983898237946761,0.1983898237946761,0.1983898237946761,0.1983898237946761,0.1983898237946761,0.1983898237946761,0.1983898237946761,0.1983898237946761,0.1983898237946761,0.1983898237946761,0.1983898237946761,0.1983898237946761,0.1983898237946761,0.1983898237946761,0.1983898237946761,0.1983898237946761,0.1983898237946761,0.1983898237946761,0.1983898237946761,0.1983898237946761,0.1983898237946761,0.1983898237946761,0.1983898237946761,0.1983898237946761,0.1983898237946761,0.1983898237946761,0.1983898237946761,0.1983898237946761,0.1983898237946761,0.1983898237946761,0.1983898237946761,0.1983898237946761,0.1983898237946761,0.1983898237946761,0.1983898237946761,0.1983898237946761,0.1983898237946761,0.1983898237946761,0.1983898237946761,0.1983898237946761,0.1983898237946761,0.1983898237946761,0.1983898237946761,0.1983898237946761,0.1983898237946761,0.1983898237946761,0.1983898237946761,0.1983898237946761,0.1983898237946761,0.1983898237946761,0.1983898237946761,0.1983898237946761,0.1983898237946761,0.1983898237946761,0.1983898237946761,0.1983898237946761,0.1983898237946761,0.1983898237946761,0.1983898237946761,0.1983898237946761,0.1983898237946761,0.1983898237946761,0.1983898237946761,0.1983898237946761,0.1983898237946761,0.1983898237946761,0.1983898237946761,0.1983898237946761,0.1983898237946761,0.1983898237946761,0.1983898237946761,0.1983898237946761,0.1983898237946761,0.1983898237946761,0.1983898237946761,0.1983898237946761,0.1983898237946761,0.1983898237946761,0.1983898237946761,0.1983898237946761,0.1983898237946761,0.1983898237946761,0.1983898237946761,0.1983898237946761,0.1983898237946761,0.1983898237946761,0.1983898237946761,0.1983898237946761,0.1983898237946761,0.1983898237946761,0.1983898237946761,0.1983898237946761,0.1983898237946761,0.1983898237946761,0.1983898237946761,0.1983898237946761,0.1983898237946761,0.1983898237946761,0.1983898237946761,0.1983898237946761,0.1983898237946761,0.1983898237946761,0.1983898237946761,0.1983898237946761,0.1983898237946761,0.1983898237946761,0.1983898237946761,0.1983898237946761,0.1983898237946761,0.1983898237946761,0.1983898237946761,0.1983898237946761,0.1983898237946761,0.1983898237946761,0.1983898237946761,0.1983898237946761,0.1983898237946761,0.1983898237946761,0.1983898237946761,0.1983898237946761,0.1983898237946761,0.1983898237946761,0.1983898237946761,0.1983898237946761,0.1983898237946761,0.1983898237946761,0.1983898237946761,0.1983898237946761,0.1983898237946761,0.1983898237946761,0.1983898237946761,0.1983898237946761,0.1983898237946761,0.1983898237946761,0.1983898237946761,0.1983898237946761,0.1983898237946761,0.1983898237946761,0.1983898237946761,0.1983898237946761,0.1983898237946761,0.1983898237946761,0.1983898237946761,0.1983898237946761,0.1983898237946761,0.1983898237946761,0.1983898237946761,0.1983898237946761,0.1983898237946761,0.1983898237946761,0.1983898237946761,0.1983898237946761,0.1983898237946761,0.1983898237946761,0.1983898237946761,0.1983898237946761,0.1983898237946761,0.1983898237946761,0.1983898237946761,0.1983898237946761,0.1983898237946761,0.1983898237946761,0.1983898237946761,0.1983898237946761,0.1983898237946761,0.1983898237946761,0.1983898237946761,0.1983898237946761,0.1983898237946761,0.1983898237946761,0.1983898237946761,0.1983898237946761,0.1983898237946761,0.1983898237946761,0.1983898237946761,0.1983898237946761,0.1983898237946761,0.1983898237946761,0.1983898237946761,0.1983898237946761,0.1983898237946761,0.1983898237946761,0.1983898237946761,0.1983898237946761,0.1983898237946761,0.1983898237946761,0.1983898237946761,0.1983898237946761,0.1983898237946761,0.1983898237946761,0.1983898237946761,0.1983898237946761,0.1983898237946761,0.1983898237946761,0.1983898237946761,0.1983898237946761,0.1983898237946761,0.1983898237946761,0.1983898237946761,0.1983898237946761,0.1983898237946761,0.1983898237946761,0.1983898237946761,0.1983898237946761,0.1983898237946761,0.1983898237946761,0.1983898237946761
k,2.3076923076923075,2.3218403000821395,2.3549769836519268,2.3886875547347235,2.4229509689541056,2.4577628620840395,2.493120719753394,2.5290233262700412,2.565470719391333,2.6024641957358776,2.64000629259409,2.6781007427559897,2.7167524186407817,2.7559644420648746,2.7957378420131525,2.8360753634969664,2.8769813731224607,2.9184617793657672,2.96052396605569,3.003176731665733,3.0464302296510706,3.0902959065091276,3.1347864350505357,3.1799156408022573,3.225698454497455,3.2721509889965956,3.319284748021317,3.3671081226095425,3.415629783634766,3.464858665709126,3.5148039524507015,3.565475064706807,3.616881651086759,3.6690335803289793,3.7219409351468355,3.7756140072826607,3.8300632935609986,3.885299492777507,3.9413335032938708,3.9981764212347994,4.055839539202949,4.114334345442952,4.1736725233978165,4.233865951610518,4.2949267039313055,4.356867049997442,4.419699455957172,4.483436585413868,4.5480913005697605,4.613676663551535,4.680205937902482,4.747692590227938,4.816150291982484,4.885592921388823,4.956034565479569,5.027489522254237,5.09997230294468,5.173497634383054,5.2480804614670955,5.323735949718142,5.400479487927857,5.478326690890145,5.557293402215133,5.637395697222518,5.718649885911899,5.801072516008024,5.884680376079162,5.9694904987270405,6.055520163847033,6.142786901957462,6.23130849759706,6.321102992789826,6.412188690576618,6.504584158612989,6.598308232832894,6.693380021177992,6.789818907392387,6.887644554882737,6.98687691064375,7.087536209249171,7.189642976908425,7.293218035589171,7.398282507206055,7.504857817876051,7.612965702240786,7.722628207856349,7.833867699651076,7.9467068644519046,8.06116871557989,8.17727659751555,8.295054190634707,8.414525516015571,8.535714940317822,8.658647180734484,8.783347310017401,8.909840761577208,9.038153334658645,9.168311199592159,9.300340903122713,9.434269373816791,9.57012392754858,9.70793227306636,9.84772251764014,9.989523172791618,10.133363160107555,10.279271817137682,10.427278903378275,10.577414606342582,10.72970954771927,10.884194789620102,11.040901840918092,11.199862663677388,11.361109679676144,11.524675777023708,11.69059431687343,11.858899140232436,12.029624574869747,12.202805442324113,12.37847706501301,12.556675273444181,12.737436413531233,12.92079735401474,13.10679549399036,13.295468770545511,13.486855666506132,13.68099521829512,13.877927023904036,14.077691250979715,14.280328645027408,14.485880537732145,14.694388855400003,14.905896127521022,15.120445495455492,15.338080721245404,15.558846196552865,15.782786951727287,16.00994866500323,16.24037767183075,16.474120974340202,16.711226250943387,16.951741866073036,17.195716880062633,17.44320105916858,17.69424488573676,17.948899568515596,18.207217053117688,18.469250032632207,18.7350519583902,19.00467705088502,19.278180310850107,19.555617530496384,19.83704530491163,20.12252104362408,20.412102982332684,20.705850194806413,21.00382260495504,21.306080999073885,21.612687038265037,21.923703271037596,22.23919314608949,22.559221025273565,22.883852196750503,23.213152888331365,23.54719028101243,23.886032522705133,24.229748742163903,24.578409063114798,24.932084618587766,25.29084756545555,25.65477109918216,26.02392946878396,26.398397992006462,26.778253070719888,27.163572206536717,27.554434016654387,27.950918249926403,28.35310580316517,28.761078737679888,29.174920296052864,29.594714919157777,30.020548263423287,30.452507218345588,30.890679924253497,31.335155790329715,31.786025512891943,32.24338109393764,32.70731585995623,33.17792448101255,33.65530299010558,34.13954880280631,34.63076073717883,35.12903903398878,35.634485377203184,36.147202914786,36.667296279793625,37.19487161177463,37.73003657847816,38.27290039787553,38.823573860499344,39.38216935210499,39.94880087665891,40.52358407965855,41.106636271788695,41.698076452919054,42.298025336448035,42.90660537399775,43.523940780465225,44.150157559435094,44.78538352895885,45.429748347706116,46.083383541493106,46.746422530193975,47.419000655040335,48.10125520631475,48.793325451443756,49.49535266349631,50.20748015009339,50.929853282734776,51.662619526549044,52.40592847047284,53.15993185786564,53.924783617566355,54.70063989539808,55.48765908612755,56.28600186588572,57.095831225056415,57.917312501639444,58.75061341509541,59.59590410067885,60.453357144267024,61.323147617684235,62.205453114517226,63.10045378650519,64.0083323804274,64.92927427551885,65.86346752142617,66.81110287671174,67.77237384791364,68.74747672916973,69.7366106424138,70.73997757815208,71.75778243682855,72.79023307078745,73.83754032684158,74.89991808945531,75.97758332455095,77.07075612394763,78.17965975044176,79.30452068353834,80.44556866584257,81.60303675012118,82.77716134704328,83.9681822736105,85.17634280228634,86.40188971083496,87.64507333287945,88.90614760919021,90.18537013971384,91.48300223635329,92.79930897651022,94.13455925740038,95.48902585115343,96.86298546070834,98.25671877651607,99.67051053406095,101.10464957221295,102.55942889242247,104.03514571877021,105.53210155888408,107.05060226573619,108.59095810033213,110.15348379530592,111.73849861943333,113.3463264430772,114.97729580457798,116.63177382847017,118.31023587727708,120.01314766919612,121.74095612577658,123.49408993647194,125.2729600513867,127.07796010567533,128.90946677884736,130.76784009203803,132.6534236461142,134.56654480330437,136.50751481486844,138.47662889715684,140.47416625825176,142.50039007723356,144.5555474379738,146.63985443254754,148.75340143046284,150.89612091840715,153.0677881029192,155.26802112778105,157.49628092762916,159.7518707391094,162.03393529067176,164.34145969183595,166.67326804248526
cumAbateTech_0,0.0,0.009431879490509215,0.01746669172009686,0.029055189953940505,0.04258608780810158,0.05695265913651963,0.07148714928883367,0.08588241778718829,0.10010424050640249,0.11429779829012154,0.12869199116563998,0.14350533139314475,0.1588572841398908,0.17475473508919978,0.19120681180506904,0.20821066775823244,0.22575309140754402,0.2438119851949343,0.2623574560671077,0.2813525086146895,0.3007533317819912,0.3205091699750864,0.3405617692736641,0.3608443893272122,0.3812803713847314,0.40178230526493935,0.42234767897381703,0.4430023031672032,0.46374800958204604,0.48458664006522356,0.5055200469334038,0.5265500932880087,0.5476786532928793,0.568907612420629,0.5902388676724736,0.6116743277754171,0.6332159133599767,0.6548655571210787,0.6766252039643297,0.6984968111395163,0.720482348362908,0.7425837979297045,0.7648031548177818,0.7871424267837304,0.8096036344520465,0.8321888113982265,0.8549000042264163,0.8777392726421891,0.9007086895209523,0.9238103409724264,0.9470463264015843,0.9704187585663949,0.9939297636326764,1.0175814812263266,1.0413760644831724,1.0653156800966486,1.0894025083634946,1.11363874322764,1.1380265923224244,1.1625682770112884,1.1872660324270508,1.2121221075098807,1.2371387650440573,1.2623182816936003,1.2876629480368464,1.3131750686000396,1.3388569618899906,1.3647109604258616,1.3907394107701203,1.4169446735587057,1.4433291235304406,1.4698951495557244,1.4966451546645325,1.5235815560737491,1.5507067852138527,1.578023287754975,1.6055335236323462,1.6332399670711455,1.6611451066107625,1.6892514451284841,1.7175614998626123,1.7460778024350203,1.7748028988731517,1.8037393496314673,1.8328897296123414,1.8622566281864097,1.8918426492123688,1.9216504110562276,1.9516825466100107,1.9819417033099096,2.012430543153881,2.043151742718691,2.074107993176395,2.10530200031026,2.136736484530113,2.168414180887121,2.200337839087991,2.2325102235085836,2.2649341132069414,2.2976123019357186,2.3305475981540074,2.363742825038557,2.3972008204943736,2.430924437164701,2.4649165424403643,2.4991800184684787,2.533717762160511,2.5685326851996853,2.6036277140477266,2.639005789950933,2.674669868945569,2.7106229218625675,2.7468679343315388,2.7834079067840705,2.8202458544563145,2.8573848073908477,2.8948278104378016,2.9325779232552476,2.9706382203088304,3.00901179087064,3.0477017390173127,3.0867111836273486,3.126043258377642,3.1657011117392067,3.205687906972093,3.246006822119482,3.2866610500009483,3.327653798204882,3.3689882890800567,3.4106677597263366,3.452695461984508,3.495074662425227,3.5378086423370747,3.5809006977137026,3.6243541392400624,3.6681722922777094,3.712358496849164,3.756916107621324,3.801848493887915,3.847159039550966,3.8928511431013026,3.93892821759804,3.98539369064707,4.032251004378528,4.079503615423224,4.127154994888034,4.175208628330232,4.223668015730753,4.2725366714663755,4.321818124280812,4.371515917254689,4.421633607774412,4.4721747674999,4.5231429823311675,4.574541852373757,4.626374991903001,4.6786460293270915,4.7313586071489615,4.784516381926952,4.838123024234256,4.892182218617121,4.946697663551806,5.001673071400269,5.057112168364575,5.113018694440012,5.169396403366899,5.226249062581074,5.283580453163039,5.341394369785762,5.399694620661106,5.458485027484884,5.517769425380514,5.577551662841266,5.637835601671079,5.698625116923944,5.759924096841825,5.821736442791109,5.884066069197571,5.946916903479832,6.0102928859813,6.074197969900573,6.138636121220296,6.203611318634443,6.269127553474016,6.335188829631149,6.401799163481586,6.4689625838055305,6.53668313170684,6.6049648605305515,6.673811835778724,6.743228135024574,6.813217847824891,6.883785075630716,6.954933931696261,7.026668540986055,7.098993040080296,7.171911577078392,7.245428311500677,7.319547414188271,7.394273067201079,7.4696094637139,7.545560807910638,7.622131314876579,7.699325210488732,7.777146731304209,7.855600124446613,7.93468964749043,8.0144195683434,8.09479416512684,8.17581772605391,8.257494549305793,8.339828942905765,8.422825224591152,8.506487721683133,8.590820770954378,8.6758287184945,8.761515919573291,8.847886738501733,8.934945548490754,9.022696731507708,9.111144678130556,9.200293787399731,9.290148466667661,9.38071313144592,9.471992205249993,9.563990119441645,9.656711313068827,9.75016023270316,9.844341332274896,9.939259072905415,10.034916949694127,10.13131410719831,10.228449532073844,10.326322645153178,10.42493330921814,10.524281836857636,10.624368998411002,10.725196029997758,10.826764641634487,10.929077025439641,11.03213586392699,11.135944338388512,11.240506137367486,11.345825465222577,11.451907050783685,11.558756156100364,11.6663785852836,11.774780693441754,11.883969395711489,11.993952176384472,12.104737098130705,12.2163328113193,12.328748563437513,12.441994208608918,12.556080217211534,12.671017685596777,12.786818345910088,12.903494576014118,13.021059409515313,13.139526545894823,13.258910360744578,13.379225916109457,13.500488970936425,13.62271599163157,13.745924162725919,13.870131397651,13.995356349625032,14.121618422650695,14.248937782625436,14.377335368565237,14.506832903942813,14.637452908141189,14.769218708023642,14.902154449620987,15.036285109937161,15.171636508874133,15.30823533317094,15.446109184494514,15.585286585753533,15.725796984530456,15.867670757059322,16.01093921270307,16.155634598886593,16.3017901064439,16.44943987533984,16.598619000728604,16.74936353931292,16.901710515969445,17.055697930607103,17.211364765226524,17.368750991149717,17.527897576390274,17.68884648826629,17.85164066511583,18.016323978090373,18.182941193791933,18.351537937500932,18.522160656748976,18.694856584996483,18.869673705179807,19.046660712895946
cumAbateTech_1,1e-06,0.00425202624135514,0.07605177027248103,0.20615459865298272,0.39647511311588757,0.6479153160543161,0.9604213680959659,1.3330529163295377,1.764061687283275,2.2509758239615847,2.7906863273459206,3.3795318448870435,4.0133779312918225,4.690628043894125,5.412717576577535,6.180339255332555,6.993417725688898,7.851094692573281,8.751714314602532,9.692808859188784,10.671084622949834,11.682408120569114,12.721792544241538,13.783384495041027,14.860450986879483,15.945422421823206,17.035082439262546,18.12942689247755,19.228475540564,20.332248079388876,21.440764158620368,22.554043396465836,23.672105392507333,24.79496973894111,25.922656030466076,27.055183873019548,28.19257289152286,29.33484273677151,30.482013091582388,31.634103676293037,32.79113425369347,33.95312463345949,35.12009467614667,36.29206429679625,37.46905346819727,38.6510822238438,39.8381706606211,41.03033894125045,42.2276072965189,43.42999602731709,44.63752550650556,45.85021618062782,47.06808857148618,48.2911632775949,49.51946097552333,50.75300242114058,51.99180845077191,53.235899982276095,54.485298016051836,55.740023635980755,57.000098010313515,58.265542392504976,59.53637812200384,60.812626625001535,62.09430941514468,63.38144809421505,64.6740643527806,65.97217997082062,67.27581681832801,68.58499685589118,69.89974213525791,71.22007479988335,72.54601708546393,73.87759132045906,75.21481992660199,76.55772541940144,77.90633040863501,79.2606575988358,80.62072978977301,81.98656987692763,83.35820085196399,84.73564580319791,86.11892791606223,87.50807047357024,88.90309685677758,90.30403054524321,91.7108951174898,93.12371425146398,94.54251172499691,95.96731141626532,97.39813730425352,98.83501346921653,100.27796409314462,101.72701346022943,103.18218595733201,104.64350607445276,106.11099840520359,107.58468764728237,109.06459860294984,110.55075617950908,112.04318538978758,113.5419113526222,115.04695929334687,116.5583545442833,118.07612254523461,119.60028884398207,121.13087909678498,122.66791906888369,124.21143463500584,125.7614517798759,127.31799659872794,128.88109529782184,130.45077419496278,132.0270597200242,133.60997841547413,135.19955693690503,136.79582205356704,138.39880064890482,140.0085197210978,141.6250063836041,143.24828786570788,144.87839151307037,146.51534478828438,148.1591752714326,149.80991066064925,151.46757877268573,153.13220754347952,154.80382502872712,156.4824594044604,158.16813896762682,159.8608921366733,161.56074745213377,163.26773357722058,164.98187929841953,166.7032135260888,168.43176529506158,170.1675637652525,171.910638222268,173.66101807802033,175.4187328713456,177.18381226862553,178.95628606441318,180.73618418206257,182.52353667436216,184.31837372417237,186.12072564506687,187.930622881978,189.7480960118461,191.5731757442729,193.40589292217888,195.2462785224646,197.0943636566763,198.9501795716754,200.81375765031206,202.68512941210312,204.56432651391393,206.4513807506444,208.34632405591933,210.2491885027828,212.16000630439694,214.07880981474477,216.0056315293375,217.94050408592605,219.88346026521674,221.8345329915916,223.7937553338328,225.76116050585162,227.7367818674218,229.72065292491718,231.71280733205407,233.71327889063792,235.7221015513145,237.73930941432567,239.7649367302698,241.79901790086657,243.8415874797266,245.89268017312554,247.95233084078302,250.0205744966461,252.09744630967762,254.1829816046492,256.27721586293904,258.38018472333454,260.4919239828397,262.61246959748763,264.7418576831576,266.8801245163972,269.02730653524947,271.1834403400851,273.3485626944393,275.5227105258542,277.705920926726,279.8982311551571,282.09967863581386,284.31030096078916,286.5301358904702,288.75922135441164,290.99759545221394,293.24529645440697,295.502362803339,297.7688331140711,300.044746175277,302.3301409501479,304.62505657730344,306.92953237170786,309.2436078255914,311.56732260937787,313.9007165726172,316.24382974492426,318.59670233692265,320.95937474119495,323.33188753323805,325.71428147242466,328.1065975029705,330.5088767549075,332.9211605450625,335.34349037804236,337.7759079472248,340.2184551357552,342.6711740175494,345.13410685830286,347.60729611650567,350.09078444446385,352.58461468932666,355.0888298941205,357.60347329878874,360.1285883412379,362.66421865839044,365.21040808724376,367.7672006659356,370.334641607859,372.9127806870882,375.5016680466474,378.1013536073466,380.71188706092653,383.333317863123,385.96569522664953,388.60906811409745,391.2634852307534,393.92899501733257,396.6056456426275,399.2934849960719,401.99256068021816,404.70292000312793,407.4246099706754,410.1576772787623,412.9021683054433,415.65812910296194,418.42560538969576,421.2046425420098,423.99528558601787,426.79757918925077,429.61156765223035,432.4372948999491,435.27480447325405,438.12413952013407,440.9853427869101,443.8584566093272,446.7435229035478,449.6405831570445,452.5496784193932,455.4708492929638,458.40413592350865,461.34957799064784,464.3072146982502,467.27708476470906,470.25922641311195,473.2536773613035,476.26047481184037,479.2796554418373,482.31125539270346,485.35531025976826,488.4118550817953,491.48092433038374,494.56255189925645,497.6567710934331,500.7636148888046,503.8831167282506,507.0153103527472,510.16022956770865,513.3179080232751,516.4883790074764,519.6716752512866,522.867828744657,526.0768705626858,529.2988307011458,532.5337379206505,535.7816195987926,539.0425015896382,542.3164080900061,545.6033615120054,548.9033823613389,552.2164890206968,555.5426969087607,558.882017469214,562.2344572169177,565.6000168368142,568.9786903314084,572.3704642129325,575.7753167365331,579.1932171710301
dk,0.014147992389832054,0.033136683569787495,0.033710571082796736,0.03426341421938206,0.03481189312993388,0.03535785766935473,0.03590260651664709,0.036447393121291805,0.03699347634454436,0.03754209685821247,0.03809445016189983,0.03865167588479179,0.03921202342409308,0.03977339994827811,0.040337521483813976,0.04090600962549429,0.04148040624330668,0.0420621866899229,0.04265276561004333,0.043253497985337286,0.043865676858057145,0.04449052854140817,0.045129205751721524,0.04578281369519771,0.04645253449914022,0.047133759024721555,0.04782337458822544,0.048521661025223595,0.04922888207435999,0.049945286741575445,0.0506711122561056,0.05140658637995199,0.05215192924222045,0.05290735481785647,0.053673072135825006,0.05444928627833767,0.055236199216508575,0.056034010516363864,0.056842917940928606,0.05766311796814921,0.058494806240003305,0.05933817795486468,0.06019342821270146,0.06106075232078745,0.061940346066136576,0.06283240595973028,0.06373712945669607,0.06465471515589272,0.06558536298177442,0.06652927435094647,0.0674866523254567,0.06845770175454591,0.06944262940633883,0.07044164409074621,0.07145495677466829,0.07248278069044323,0.07352533143837359,0.07458282708404151,0.07565548825104573,0.07674353820971513,0.07784720296228786,0.07896671132498789,0.08010229500738486,0.08125418868938084,0.08242263009612583,0.08360786007113807,0.08481012264787835,0.08602966511999277,0.08726673811042807,0.08852159563959794,0.0897944951927665,0.09108569778679187,0.09239546803637111,0.09372407421990514,0.09507178834509844,0.09643888621439534,0.09782564749035005,0.0992323557610133,0.10065929860542067,0.10210676765925464,0.10357505868074557,0.10506447161688404,0.10657531066999548,0.10810788436473573,0.10966250561556279,0.11123949179472703,0.11283916480082834,0.11446185112798679,0.11610788193566013,0.11777759311915592,0.11947132538086358,0.12118942430225199,0.1229322404166614,0.12470012928291696,0.12649345155980596,0.12831257308143718,0.13015786493351356,0.13202970353055432,0.13392847069407787,0.13585455373178934,0.13780834551777987,0.1397902445737801,0.14180065515147855,0.1438399873159376,0.145908657030126,0.1480070862405931,0.15013570296430845,0.1522949413766883,0.15448524190083157,0.1567070512979909,0.15896082275929535,0.16124701599875535,0.1635660973475641,0.16591853984972182,0.1683048233590061,0.17072543463730927,0.1731808674543669,0.17567162268889702,0.1781982084311713,0.1807611400870519,0.18336094048350593,0.18599813997562076,0.18867327655515265,0.19138689596062153,0.19413955178898723,0.1969318056089162,0.19976422707567942,0.20263739404769399,0.20555189270473706,0.20850831766785882,0.21150727212101916,0.21454936793446988,0.21763522578991235,0.22076547530746038,0.2239407551744217,0.22716171327594203,0.23042900682752188,0.23374330250945374,0.2371052766031838,0.24051561512964792,0.2439750139895971,0.24748417910594767,0.25104382656818225,0.2546546827788354,0.2583174846020899,0.262032979514518,0.2658019257579951,0.269625092494822,0.2735032599650844,0.27743721964627666,0.28142777441524514,0.2854757387124496,0.2895819387086047,0.29374721247373037,0.2979724101486263,0.30225839411884525,0.3066060391911538,0.3110162327725572,0.31548987505189663,0.32002787918407405,0.32463117147693765,0.3293006915808623,0.33403739268106536,0.3388422416927015,0.34371621945877084,0.34866032095089405,0.3536755554729685,0.3587629468677851,0.3639235337266098,0.36915836960180126,0.3744685232225011,0.3798550787134247,0.385319135816828,0.39086181011766863,0.39648423327201554,0.4021875532387691,0.40797293451471583,0.4138415583729764,0.4197946231049139,0.4258333442655089,0.43195895492230063,0.438172705907911,0.4444758660762185,0.45086972256222646,0.45735558104569973,0.4639347660185882,0.4706086210563223,0.47737850909303203,0.48424581270072853,0.4912119343725241,0.49827829680994773,0.5054463432143996,0.5127175375828172,0.5200933650076283,0.5275753319810041,0.5351649667035367,0.5428638193973656,0.5506734626238146,0.5585954916056433,0.5666315245539186,0.5747832029996429,0.5830521921301486,0.5914401811303573,0.5999488835289837,0.6085800375497117,0.6173354064674772,0.6262167789698685,0.6352259695237601,0.6443648187472615,0.6536351937869922,0.6630389887008672,0.6725781248463596,0.6822545512744114,0.6920702451290097,0.702027212052557,0.7121274865970779,0.7223731326413869,0.732766243814269,0.7433089439237923,0.7540033873927969,0.7648517597007167,0.7758562778317319,0.7870191907294632,0.7983427797581752,0.8098293591706884,0.8214812765830297,0.8333009134559619,0.8452906855834392,0.8574530435881718,0.8697904734172113,0.8823054968329922,0.8950006719879635,0.9078785939222076,0.9209418950914436,0.9341932459073288,0.9476353552855716,0.9612709712018974,0.9751028812560865,0.9891339132440571,1.0033669357382813,1.0178048586764756,1.0324506339588977,1.0473072560541326,1.0623777626137327,1.0776652350956395,1.0931727993966813,1.1089036264941274,1.1248609330965902,1.1410479823042303,1.157468084278607,1.1741245969220948,1.1910209265672158,1.2081605286758457,1.2255469085486226,1.243183622044489,1.261074276310758,1.2792225305236204,1.2976320966394521,1.3163067401569322,1.3352502808901665,1.3544665937530525,1.373959609554916,1.3937333158077188,1.4137917575448817,1.4341390381520007,1.4547793202095303,1.47571682634773,1.4969558401138734,1.5185007068521035,1.540355834595939,1.5625256949737913,1.585014824127418,1.6078278236438805,1.6309693615007674,1.6544780238921977,1.6784620488069084,1.7029117919190373,1.7278084565804654,1.7531338106953545,1.7788701149147705,1.8050000542886213,1.8315066731720169,1.8583733131906666,1.8855835540761614,1.9131211571901723,1.9409700115640742,1.969114082288396,1.997537361094924,2.0262238189818174,2.05515736074023,2.0843069945737476,2.113546997915302,2.1427194879443174,2.171667184512044,2.2002330248618627,2.2282597998481,2.2555898114802435,2.2820645515623657,2.307524401164194,2.331808350649318,-166.67326804248526
yGross,1.0,1.011901949478166,1.0264205910860789,1.0411578790781018,1.0561136810995937,1.0712900595647155,1.0866893227231342,1.1023139434334188,1.1181665450363691,1.1342498949027624,1.150566896003601,1.1671205760575094,1.183914076310956,1.2009503926621186,1.2182323874256562,1.2357631496361368,1.2535459717300894,1.271584330023289,1.2898818686513662,1.3084423861466412,1.327269824044453,1.3463682569536275,1.36574188345823,1.385395017072975,1.405332080820363,1.4255576204864011,1.4460758500955213,1.4668907965284759,1.4880065653991534,1.509427339559844,1.5311573777927021,1.553201013895818,1.5755626560796803,1.5982467866121848,1.6212579616659373,1.6446008113326789,1.6682800397777147,1.6923004255131404,1.7166668217730803,1.7413841569775272,1.766457435273927,1.7918917371476806,1.8176922200942949,1.8438641193471732,1.870412748656036,1.8973435011117878,1.9246618500142847,1.95237334978003,1.9804836368872631,2.00899843085628,2.037923535263161,2.067264838785329,2.097028316277596,2.1272200298775683,2.157846130139419,2.1889128571952017,2.220426541943009,2.252393607261376,2.2848205692494266,2.3177140384923627,2.3510807213519525,2.384927421281744,2.4192610401668015,2.454088579687809,2.489417142709415,2.525253934692772,2.561606265132229,2.5984815490161925,2.6358873083121868,2.6738311734761866,2.7123208849863225,2.7513642949010637,2.7909693684420405,2.831144185601646,2.8718969427756247,2.913235954420823,2.955169654738344,2.997706599382319,3.0408554671945573,3.08462506196533,3.1290243142205667,3.1740622830357483,3.219748157876805,3.266091260468318,3.3131010466893653,3.3607871084973286,3.4091591758800077,3.45822711883641,3.508000949386562,3.5584908236107204,3.60970704371837,3.66166006014739,3.7143604736938,3.767819037672479,3.8220466601092915,3.8770544059650303,3.9328534993916207,3.9894553260210204,4.046871435287272,4.105113542782167,4.164193532644972,4.224123459986713,4.284915553349503,4.346582217201368,4.409136034467117,4.472589769095735,4.5369563686648195,4.6022489670225974,4.66848088696803,4.73566564296958,4.803816943923153,4.87294869594981,4.943075005233779,5.01421018090137,5.086368737941364,5.159565400167471,5.233815103223462,5.309132997631579,5.385534451884848,5.463035055583916,5.541650622619076,5.621397194398086,5.7022910431204785,5.784348675099,5.867586834128882,5.952022504905601,6.0376729164918554,6.124555545834442,6.21268812133176,6.302088626452678,6.392775303407482,6.484766656871671,6.578081457763356,6.672738747075034,6.7687578397605055,6.866158328677761,6.964960088588601,7.065183280215844,7.166848354358926,7.269976056068742,7.374587428882581,7.480703819120018,7.588346880240647,7.697538577264531,7.8083011912562945,7.920657323873743,8.034629901981983,8.150242182333928,8.267517756318217,8.386480554775428,8.507154852883678,8.629565275114503,8.753736800260093,8.879694766532909,9.007464876738675,9.137073203523885,9.268546194698793,9.401910678637085,9.537193869753233,9.674423374058728,9.813627194798292,9.954833738167231,10.098071819111082,10.243370667208762,10.390759932640403,10.540269692241116,10.691930455641886,10.845773171498893,11.001829233812495,11.160130488337193,11.320709239083882,11.483598254915693,11.648830776238814,11.816440521789648,11.98646169551964,12.158928993579272,12.333877611402588,12.511343250893717,12.691362127716864,12.873970978691265,13.059207069292599,13.247108201262407,13.437712720327077,13.63105952402796,13.827188069664215,14.02613838235003,14.227951063187836,14.432667297559217,14.640328863535178,14.850978140407516,15.064658117343035,15.281412402162351,15.501285230245106,15.724321473563434,15.950566649845443,16.180066931870684,16.412869156899454,16.64902083623786,16.88857016494063,17.131566031653616,17.378058028598048,17.628096461698522,17.881732360856848,18.13901749037386,18.400004359521205,18.6647462332655,18.93329714314679,19.205711898313698,19.48204609671756,19.762356136467563,20.04669922734964,20.33513340251105,20.627717530313298,20.924511326355727,21.225575365672285,21.53097109510388,21.840760845848955,22.15500784619474,22.473776234431927,22.79713107195525,23.125138356552785,23.457865035886552,23.795379021167385,24.137749201026566,24.4850454555874,24.837338670739303,25.194700752617564,25.557204642291527,25.92492433066445,26.297934873587767,26.676312407192327,27.060134163437706,27.449478485893234,27.84442484574257,28.24505385801814,28.651447298069595,29.063688118269265,29.48186046495846,29.906049695637627,30.336342396404337,30.772826399642167,31.215590801964705,31.664725982417625,32.120323620943275,32.582476717110914,33.05127960911702,33.526827993058944,34.009218942486484,34.49855092823475,34.994923838542995,35.49843899946291,36.00919919556118,36.527308690919874,37.05287325043971,37.586000161449746,38.12679825562871,38.6753779312417,39.23185117569751,39.79633158843068,40.368934404113084,40.949776516200046,41.538976500815394,42.13665464098079,42.742932951193765,43.357935202360096,43.981786947085055,44.61461554532918,45.25655019043335,45.907721935519035,46.56826372026851,47.238310398091265,47.91799876368111,48.60746758097101,49.30685761148985,50.01631164312837,50.73597893695819,51.46602433764057,52.206612910277855,52.957908767119235,53.72007516265426,54.49327457970415,55.277668807002236,56.07341900871339,56.88068578629932,57.69962923310137,58.53040898197738,59.373184246297356,60.22811385457445,61.09535627897976,61.97506965796482,62.86741181319182,63.77253833176687,64.6905902332112,65.6216898004679,66.56594068384494,67.52342795138306,68.4942180866411,69.47835893454666,70.47587959564197,71.48679026876441,72.51108204192461
damageFrac,0.0,1.9456428208910765e-06,7.283339109141024e-06,1.5375959826378494e-05,2.5622150907484174e-05,3.746580584319997e-05,5.040390145896872e-05,6.39927334043571e-05,7.785256826510809e-05,9.167076478469706e-05,0.0001052034593379047,0.0001182759561789725,0.0001307820110829631,0.00014258067476858336,0.0001534530552936914,0.00016321990939610075,0.0001717483922724788,0.0001789566629094181,0.00018481663659104705,0.00018935494040802408,0.00019265222198055666,0.0001948410616496361,0.0001961028442703999,0.0001966640586600948,0.00019679261092641316,0.00019679261092641316,0.00019679261092641316,0.00019679261092641316,0.00019679261092641316,0.00019679261092641316,0.00019679261092641316,0.00019679261092641316,0.00019679261092641316,0.00019679261092641316,0.00019679261092641316,0.00019679261092641316,0.00019679261092641316,0.00019679261092641316,0.00019679261092641316,0.00019679261092641316,0.00019679261092641316,0.00019679261092641316,0.00019679261092641316,0.00019679261092641316,0.00019679261092641316,0.00019679261092641316,0.00019679261092641316,0.00019679261092641316,0.00019679261092641316,0.00019679261092641316,0.00019679261092641316,0.00019679261092641316,0.00019679261092641316,0.00019679261092641316,0.00019679261092641316,0.00019679261092641316,0.00019679261092641316,0.00019679261092641316,0.00019679261092641316,0.00019679261092641316,0.00019679261092641316,0.00019679261092641316,0.00019679261092641316,0.00019679261092641316,0.00019679261092641316,0.00019679261092641316,0.00019679261092641316,0.00019679261092641316,0.00019679261092641316,0.00019679261092641316,0.00019679261092641316,0.00019679261092641316,0.00019679261092641316,0.00019679261092641316,0.00019679261092641316,0.00019679261092641316,0.00019679261092641316,0.00019679261092641316,0.00019679261092641316,0.00019679261092641316,0.00019679261092641316,0.00019679261092641316,0.00019679261092641316,0.00019679261092641316,0.00019679261092641316,0.00019679261092641316,0.00019679261092641316,0.00019679261092641316,0.00019679261092641316,0.00019679261092641316,0.00019679261092641316,0.00019679261092641316,0.00019679261092641316,0.00019679261092641316,0.00019679261092641316,0.00019679261092641316,0.00019679261092641316,0.00019679261092641316,0.00019679261092641316,0.00019679261092641316,0.00019679261092641316,0.00019679261092641316,0.00019679261092641316,0.00019679261092641316,0.00019679261092641316,0.00019679261092641316,0.00019679261092641316,0.00019679261092641316,0.00019679261092641316,0.00019679261092641316,0.00019679261092641316,0.00019679261092641316,0.00019679261092641316,0.00019679261092641316,0.00019679261092641316,0.00019679261092641316,0.00019679261092641316,0.00019679261092641316,0.00019679261092641316,0.00019679261092641316,0.00019679261092641316,0.00019679261092641316,0.00019679261092641316,0.00019679261092641316,0.00019679261092641316,0.00019679261092641316,0.00019679261092641316,0.00019679261092641316,0.00019679261092641316,0.00019679261092641316,0.00019679261092641316,0.00019679261092641316,0.00019679261092641316,0.00019679261092641316,0.00019679261092641316,0.00019679261092641316,0.00019679261092641316,0.00019679261092641316,0.00019679261092641316,0.00019679261092641316,0.00019679261092641316,0.00019679261092641316,0.00019679261092641316,0.00019679261092641316,0.00019679261092641316,0.00019679261092641316,0.00019679261092641316,0.00019679261092641316,0.00019679261092641316,0.00019679261092641316,0.00019679261092641316,0.00019679261092641316,0.00019679261092641316,0.00019679261092641316,0.00019679261092641316,0.00019679261092641316,0.00019679261092641316,0.00019679261092641316,0.00019679261092641316,0.00019679261092641316,0.00019679261092641316,0.00019679261092641316,0.00019679261092641316,0.00019679261092641316,0.00019679261092641316,0.00019679261092641316,0.00019679261092641316,0.00019679261092641316,0.00019679261092641316,0.00019679261092641316,0.00019679261092641316,0.00019679261092641316,0.00019679261092641316,0.00019679261092641316,0.00019679261092641316,0.00019679261092641316,0.00019679261092641316,0.00019679261092641316,0.00019679261092641316,0.00019679261092641316,0.00019679261092641316,0.00019679261092641316,0.00019679261092641316,0.00019679261092641316,0.00019679261092641316,0.00019679261092641316,0.00019679261092641316,0.00019679261092641316,0.00019679261092641316,0.00019679261092641316,0.00019679261092641316,0.00019679261092641316,0.00019679261092641316,0.00019679261092641316,0.00019679261092641316,0.00019679261092641316,0.00019679261092641316,0.00019679261092641316,0.00019679261092641316,0.00019679261092641316,0.00019679261092641316,0.00019679261092641316,0.00019679261092641316,0.00019679261092641316,0.00019679261092641316,0.00019679261092641316,0.00019679261092641316,0.00019679261092641316,0.00019679261092641316,0.00019679261092641316,0.00019679261092641316,0.00019679261092641316,0.00019679261092641316,0.00019679261092641316,0.00019679261092641316,0.00019679261092641316,0.00019679261092641316,0.00019679261092641316,0.00019679261092641316,0.00019679261092641316,0.00019679261092641316,0.00019679261092641316,0.00019679261092641316,0.00019679261092641316,0.00019679261092641316,0.00019679261092641316,0.00019679261092641316,0.00019679261092641316,0.00019679261092641316,0.00019679261092641316,0.00019679261092641316,0.00019679261092641316,0.00019679261092641316,0.00019679261092641316,0.00019679261092641316,0.00019679261092641316,0.00019679261092641316,0.00019679261092641316,0.00019679261092641316,0.00019679261092641316,0.00019679261092641316,0.00019679261092641316,0.00019679261092641316,0.00019679261092641316,0.00019679261092641316,0.00019679261092641316,0.00019679261092641316,0.00019679261092641316,0.00019679261092641316,0.00019679261092641316,0.00019679261092641316,0.00019679261092641316,0.00019679261092641316,0.00019679261092641316,0.00019679261092641316,0.00019679261092641316,0.00019679261092641316,0.00019679261092641316,0.00019679261092641316,0.00019679261092641316,0.00019679261092641316,0.00019679261092641316,0.00019679261092641316,0.00019679261092641316,0.00019679261092641316,0.00019679261092641316,0.00019679261092641316,0.00019679261092641316,0.00019679261092641316,0.00019679261092641316,0.00019679261092641316,0.00019679261092641316,0.00019679261092641316,0.00019679261092641316,0.00019679261092641316,0.00019679261092641316,0.00019679261092641316,0.00019679261092641316,0.00019679261092641316,0.00019679261092641316,0.00019679261092641316,0.00019679261092641316,0.00019679261092641316,0.00019679261092641316,0.00019679261092641316,0.00019679261092641316,0.00019679261092641316,0.00019679261092641316,0.00019679261092641316,0.00019679261092641316,0.00019679261092641316,0.00019679261092641316,0.00019679261092641316,0.00019679261092641316,0.00019679261092641316,0.00019679261092641316,0.00019679261092641316,0.00019679261092641316,0.00019679261092641316,0.00019679261092641316,0.00019679261092641316
damages,0.0,1.968803594036457e-06,7.475823682443885e-06,1.600904787609933e-05,2.7060597463304255e-05,4.013824918525262e-05,5.477614247033769e-05,7.054459665160698e-05,8.705891503933017e-05,0.00010398708789857388,0.0001210563532063862,0.0001380586311259603,0.00015485491608672737,0.00017125673525023065,0.0001869701730524986,0.00020173407633631204,0.00021533148812117548,0.00022759921870553633,0.00023843569544719604,0.0002478069535270479,0.00025575075172049847,0.0002623789427479744,0.0002678783996014524,0.0002725110000243369,0.00027661340487745143,0.0002805944250710848,0.0002846330558201409,0.0002887300897409778,0.0002928863349471029,0.000297102614754962,0.00030137976742637847,0.0003057186459886632,0.00031012011811581947,0.0003145850660586699,0.00031911438661480057,0.0003237089911314004,0.0003283698055356576,0.0003330977703885394,0.00033789384095865024,0.00034275898731353044,0.0003476941944262567,0.0003527004622956082,0.00035777880607836703,0.0003629302562325699,0.000368155858670726,0.00037345667492217645,0.0003788337823038984,0.0003842882740991678,0.00038982125974358243,0.00039543386501802004,0.0004011272322481715,0.0004069025205103392,0.0004127609058432374,0.00041870358146557017,0.000424731757999193,0.00043084666369769666,0.0004370495446802734,0.00044334166517074957,0.00044972430774168574,0.0004561987735634643,0.0004627663826582979,0.0004694284741591051,0.0004761864065732122,0.00048304155805085165,0.0004899953266584319,0.0004970491306565692,0.000504204408782874,0.0005114626205394942,0.000518825246485421,0.0005262937885335738,0.0005338697702526807,0.0005415547371739782,0.0005493502571027599,0.0005572579204348034,0.0005652793404777143,0.0005734161537772241,0.0005816700204484874,0.0005900426245124214,0.0005985356742371406,0.0006071509024845326,0.0006158900670620355,0.0006247549510796688,0.0006337473633123796,0.0006428691385677627,0.0006521221380592241,0.0006615082497846444,0.0006710293889106178,0.0006806874981623327,0.0006904845482191661,0.0007004225381160637,0.0007105034956507837,0.0007207294777970793,0.0007311025711238981,0.0007416248922206808,0.0007522985881288388,0.0007631258367794974,0.0007741088474375862,0.0007852498611523672,0.0007965511512144874,0.0008080150236196464,0.000819643817538971,0.0008314399057961895,0.0008434056953517035,0.00085554362779365,0.0008678561798360541,0.0008803458638241733,0.0008930152282471321,0.0009058668582579531,0.0009189033762010875,0.000932127442147551,0.0009455417544377759,0.0009591490502322862,0.0009729521060703087,0.0009869537384364336,0.0010011568043354379,0.0010155642018753908,0.0010301788708591572,0.0010450037933844212,0.0010600419944523484,0.001075296542585017,0.001090770550451736,0.001106467175504385,0.0011223896206218977,0.0011385411347640284,0.0011549250136345267,0.0011715446003538633,0.0011884032861416373,0.0012055045110088082,0.0012228517644598939,0.0012404485862052748,0.0012582985668837534,0.0012764053487955137,0.0012947726266456306,0.001313404148298284,0.0013323037155418265,0.0013514751848648658,0.0013709224682435161,0.0013906495339399837,0.001410660407312646,0.0014309591716377913,0.001451549968943186,0.0014724370008536414,0.0014936245294487527,0.0015151168781329812,0.0015369184325182644,0.0015590336413193278,0.0015814670172618866,0.0016042231380039176,0.0016273066470701978,0.0016507222548002866,0.0016744747393101645,0.0016985689474677047,0.0017230097958821926,0.0017478022719080897,0.0017729514346632393,0.0017984624160617413,0.0018243404218616836,0.0018505907327279667,0.0018772187053104187,0.0019042297733374354,0.0019316294487253646,0.0019594233227038602,0.0019876170669574328,0.002016216434783441,0.0020452272622667454,0.0020746554694712808,0.002104507061648776,0.002134788130464881,0.0021655048552429376,0.0021966635042256657,0.0022282704358550075,0.0022603321000703946,0.002292855039625716,0.0023258458914252387,0.00235931138787876,0.002393258358276277,0.00242769373018244,0.00246262453085109,0.0024980578886601547,0.0025340010345672073,0.0025704613035859806,0.002607446136284139,0.0026449630803026163,0.0026830197918968272,0.0027216240375000714,0.0027607836953094426,0.002800506756894577,0.0028408013288295617,0.0028816756343483414,0.0029231380150239582,0.002965196932471972,0.0030078609700784054,0.0030511388347525697,0.003095039358705132,0.0031395715012517774,0.0031847443506428474,0.0032305671259193233,0.0032770491787955324,0.0033241999955689605,0.003372029199057568,0.003420546550565007,0.00346976195187412,0.0035196854472691608,0.0035703272255871313,0.0036216976222986407,0.0036738071216187566,0.0037266663586482257,0.0037802861215455396,0.003834677353730286,0.0038898511561182023,0.0039458187893884515,0.004002591676283513,0.004060181403942214,0.00411859972626634,0.004177858566321353,0.004237970018771647,0.004298946352350903,0.0043608000123679935,0.0044235436232489996,0.004487189991115808,0.004551752106401874,0.004617243146505616,0.0046836764784820625,0.0047510656617732235,0.004819424450977823,0.0048887667986608745,0.004959106858203766,0.005030458986695347,0.0051028377478646875,0.005176257915056042,0.005250734474246516,0.005326282627106657,0.005402917794106659,0.005480655617666559,0.005559511965351687,0.0056395029331141764,0.0057206448485811155,0.005802954274390116,0.005886448011572872,0.005971143102987503,0.00605705683680028,0.006144206750017569,0.00623261063206857,0.006322286528439724,0.0064132527443614175,0.006505527848547828,0.0065991306769905955,0.006694080336807175,0.006790396210144569,0.006888097958139352,0.006987205524934648,0.007087739141755052,0.007189719331040168,0.0072931669106377495,0.007398102998057173,0.007504549014784232,0.007612526690658035,0.007722058068310973,0.007833165507672638,0.007945871690538588,0.008060199625204958,0.008176172651169792,0.008293814443902129,0.008413149019679735,0.008534200740496576,0.008656994319040925,0.008781554823745229,0.008907907683908646,0.009036078694893465,0.009166094023396264,0.00929798021279513,0.009431764188573756,0.009567473263823826,0.00970513514482652,0.009844777936714545,0.009986431018745521,0.010130126837515982,0.01027589788301218,0.010423776457668999,0.010573794695087338,0.01072598457697958,0.010880377948439856,0.011037006531627645,0.011195901937944805,0.011357095678779182,0.011520619174881027,0.011686503764432242,0.011854780709862837,0.012025481203463534,0.012198636371838581,0.012374277279238156,0.012552434550081759,0.012733135941431549,0.012916405522403793,0.013102263694628108,0.01329072720216144,0.013481809131052163,0.013675518898681767,0.013871862232949143,0.014070841141305182,0.014272453869591018
y,0.9999155283376173,1.0114772892384833,1.0258834225209268,1.040453243626787,1.0552419125280035,1.0702543529404305,1.0854940350956257,1.1009646907615809,1.1166704857198961,1.1326159289204272,1.14880575992709,1.1652448880987902,1.181927592702848,1.1988461126415064,1.2160062907797087,1.2334141760582955,1.2510760404566181,1.2689983956916346,1.2871879866587705,1.3056517688061584,1.324396873102549,1.3434305603921162,1.3627601658192656,1.3823930332470251,1.4023362379617708,1.4225777466500173,1.4431101052157962,1.4639375688084917,1.485064437814425,1.5064950569251558,1.528233820773164,1.5502851782339762,1.57265363580036,1.595343760302266,1.6183601811605717,1.64170759230592,1.6653907538556914,1.6894144936158837,1.7137837084563745,1.7385033655951658,1.7635785038179612,1.7890142346527866,1.8148157435144918,1.8409882908303876,1.8675372131556165,1.8944679242848752,1.9217859163655735,1.949496761016417,1.9776061104545093,2.006119698633407,2.035043342394067,2.0643829426302127,2.094144485469351,2.1243340434704456,2.154957776839051,2.1860219346605785,2.217532856152272,2.249496971934362,2.2819208053208118,2.3148109736300313,2.3481741895158876,2.3820172623193,2.4163470994407197,2.451170707733762,2.4864951949202325,2.522327771026819,2.5586757498436974,2.595546550405301,2.6329476984934996,2.670886828163458,2.7093716832924266,2.7484101191517247,2.788010104002204,2.8281797207134463,2.8689271684069997,2.910260764123933,2.9521889445170104,2.9947202675677866,3.037863414328943,3.081627190692173,3.1260205291819574,3.171052490775549,3.2167322667495215,3.26306918055322,3.3100726897094868,3.357752387743006,3.406118006136647,3.4551794163161964,3.504946631663847,3.555429809560845,3.606639253459701,3.6585854149863595,3.711278896072759,3.7647304511201924,3.8189509891938997,3.873951576249339,3.9297434373905658,3.986337959161192,4.043746691868358,4.101981351940216,4.16105382431737,4.22097616487877,4.281760602902557,4.343419543562332,4.405965570459381,4.469411448191342,4.533770124957865,4.599054735203764,4.665278602300222,4.732455241264573,4.800598361519224,4.869721869690297,4.93983987244651,5.010966679378927,5.0831168059221445,5.1563049763174895,5.230546126618877,5.305855407741895,5.382248188556763,5.45974005902579,5.53834683338598,5.618084553377417,5.6989694915181,5.781018154425896,5.864247286188293,5.948673871780629,6.034315140533502,6.121188569650071,6.209311887773973,6.298703078608562,6.389380384588233,6.481362310602574,6.574667627774089,6.669315377290315,6.765324874291031,6.862715711811454,6.961507764782131,7.061721194086433,7.163376450676406,7.266494279747864,7.371095724975568,7.477202132809345,7.584835156832045,7.694016762180203,7.804769230028333,7.917115162137746,8.031077485470858,8.146679456871878,8.263944667814899,8.382897049220277,8.5035608763404,8.625960773715711,8.7501217202021,8.876069054070669,9.003828478180845,9.133426065228036,9.264888263066746,9.398241900110365,9.533514190808644,9.670732741204041,9.809925554568052,9.951121037118654,10.09434800382007,10.239635684266009,10.387013728647593,10.536512213807224,10.688161649379555,10.841992984020903,10.998037611728314,11.156327378249603,11.31689458758569,11.479772008586503,11.644992881641885,11.812590925468811,11.98260034399628,12.155055833349383,12.329992588933882,12.50744631262279,12.687453220046436,12.87005004798745,13.055274061882251,13.243163063430508,13.433755398314176,13.627089964027649,13.823206217820678,14.02214418475561,14.223944465880662,14.428648246520858,14.636297304688354,14.846934019613835,15.06060138040077,15.27734299480426,15.497203098136273,15.720226562299155,15.946458904949145,16.17594629879186,16.408735581011648,16.644874262836662,16.88441053924172,17.127393298790807,17.37387213362138,17.623897349572363,17.877519976458032,18.134791778489838,18.39576526484822,18.66049370040679,18.929031116610794,19.201432322512304,19.477752915964352,19.758049294976093,20.042378669231727,20.33079907177507,20.623369370862505,20.92014928198661,21.221199380072893,21.526581111852195,21.83635680841126,22.150589697924016,22.469343918566246,22.792684531616178,23.120677534743816,23.45338987549152,23.79088946494891,24.133245191624507,24.480526935517297,24.832805582390847,25.19015303825306,25.552642244044375,25.920347190537623,26.29334293342534,26.671705608577195,27.05551244780076,27.444841794526862,27.839773119798476,28.240387038505904,28.646765325855952,29.058990934078036,29.477148009371092,29.901321909094268,30.33159921920539,30.768067771950285,31.210816663807158,31.659936273689002,32.11551828140843,32.57765568640813,33.04644282676135,33.52197539844565,34.00435047489449,34.493666526830154,34.990023442382494,35.49352254749712,36.00426662663778,36.522359943786576,37.04790826374693,37.581018873752996,38.121800605390575,38.67036385683345,39.22682061540019,39.79128448043575,40.3638706865224,40.94469612702529,41.53387937797684,42.131540722305274,42.737802174411996,43.35278750510305,43.97662226687956,44.60943381959257,45.25135135646715,45.90250593050165,46.56303048124684,47.23305986197123,47.91273086721699,48.60218226075362,49.30155480393345,50.010991284456246,50.7306409627222,51.46066868131999,52.20123950353848,52.95251754018042,53.71466604462844,54.48784749891079,55.27222369125816,56.06795578560093,56.875204383413966,57.69412957828032,58.52489100351022,59.36764787312017,60.22255901644843,61.0897829066553,61.96947768333216,62.861801169418975,63.76690895359609,64.68494205831222,65.61602277107228,66.56025474827517,67.51772306548467,68.48849421512554,69.47261605225209,70.47011768871889,71.48100933579244,72.51108204192461
c,0.7549983051785545,0.7461565756604819,0.7566751530729374,0.7673210739339327,0.778134922502659,0.7891202090626718,0.8002793566036392,0.8116149650132849,0.8231299374362184,0.8348274124886269,0.8467106805057811,0.8587831379383994,0.8710403274146769,0.8834762684867408,0.8960949850945794,0.9089006300831046,0.9218974969010654,0.935090031065135,0.9484828244431582,0.9620805976542478,0.9758881732793848,0.9899104411997952,1.0041523165624904,1.0186186554716017,1.033313858012885,1.0482288887256361,1.063358255825439,1.0787050955223139,1.0942725773765885,1.1100639036126678,1.1260823132719882,1.1423310853833435,1.1588135414494636,1.1755330474515115,1.192493015510063,1.209696905299316,1.227148225283083,1.244850533821769,1.2628074401860587,1.2810226055035367,1.299499743657663,1.3182426221536268,1.3372550629620088,1.3565409433485485,1.3761041966963494,1.3959488133254008,1.4160788413131602,1.4364983873191375,1.4572116174157588,1.478222757927307,1.499536096278362,1.521155981852873,1.5430868268647637,1.565333107240817,1.5878993635164256,1.6107902017447115,1.6340102944194304,1.6575643814120151,1.6814572709230564,1.705693840448502,1.730279037760814,1.7552178819052975,1.7805154642118215,1.8061769493221296,1.8322075762329169,1.8586126593548786,1.8853975895879027,1.9125678354126041,1.9401289439983682,1.968086542328114,1.996446338339954,2.0252141220859503,2.054395766908171,2.0839972306322423,2.114024556778612,2.1444838757917384,2.1753814062874217,2.2067234563184996,2.238516424659147,2.270766802108001,2.3034811728103692,2.336666215599748,2.3703287053589204,2.4044755144008794,2.4391136138698455,2.474250075162644,2.509892071370711,2.5460468787430193,2.5827218781701977,2.619924556690134,2.657662509015367,2.6959434390825505,2.7347751616243157,2.774165603763827,2.8141228066323536,2.8546549270101806,2.8957702389911875,2.937477135671422,2.9797841308620088,3.0226998608267475,3.0662330860447318,3.1103926929983534,3.155187695987064,3.2006272389672326,3.2467205974184994,3.29347718023698,3.340906531655729,3.3890183331928174,3.4378224056274633,3.4873287110045714,3.5375473546681198,3.588488587323803,3.6401628071313312,3.6925805618268344,3.745752550875795,3.7996896276569365,3.854402801677535,3.9099032408205865,3.9662022736242903,4.023311391594319,4.081242251549352,4.140006678000322,4.199616665563911,4.2600843814107225,4.321422167748693,4.383642544342202,4.446758211067419,4.510782050504406,4.575727130566495,4.6416067071674885,4.7084342269272135,4.776223329916002,4.844987852438628,4.914741829858314,4.985499499461323,5.057275303362783,5.130083891454286,5.203940124393904,5.278859076639202,5.354856039523877,5.4319465243786675,5.510146265697134,5.589471224347005,5.669937590827692,5.7515617885746835,5.834360477311459,5.918350556449642,6.0035491685380356,6.089973702761313,6.17764179848899,6.266571348875516,6.356780504512098,6.448287677131088,6.54111154336367,6.6352710485515765,6.730785410613687,6.827674123968204,6.925956963511304,7.025653988652987,7.126785547411018,7.229372280563757,7.33343512586274,7.438995322305868,7.546074414472065,7.65469425691831,7.76487701863994,7.876645187595107,7.9900215752943415,8.105029321456149,8.221691898729585,8.340033117484793,8.460077130672431,8.581848438753068,8.705371894697471,8.830672709058826,8.957776455117973,9.086709074102648,9.217496880481825,9.350166567336235,9.484745211806162,9.621260280617621,9.759739635688039,9.900211539812608,10.04270466243245,10.187248085485784,10.333871309343259,10.482604258828715,10.63347728932657,10.786521192977066,10.94176720496068,11.09924700987294,11.25899274819098,11.421037022833136,11.585412905812927,11.752153944988777,11.92129417091086,12.092868103766467,12.266910760425294,12.443457661586143,12.62254483902639,12.804208842955845,12.98848674947636,13.175416168148805,13.36503524966895,13.557382693653704,13.752497756539537,13.950420259594402,14.151190597045034,14.354849744321205,14.561439266418489,14.77100132638155,14.983578693909312,15.19921475408406,15.417953516226126,15.63983962287596,15.864918358905486,16.093235660760534,16.32483812583627,16.55977302198755,16.798088297176097,17.039832589256534,17.28505523590315,17.53380628467964,17.786136503253577,18.042097389758034,18.301741183302177,18.565120874633156,18.832290216951392,19.103303736881564,19.378216745581426,19.65708534997578,19.93996646436107,20.226917821954135,20.51799798666429,20.81326636504669,21.112783218427765,21.416609675204963,21.72480774332364,22.037440322933236,22.35457121922573,22.6762651554586,23.002587786165407,23.333605710556125,23.669386486110536,24.00999864236696,24.355511694909573,24.705996159556754,25.06152356675372,25.422166476172087,25.78799849151963,26.159094275562907,26.535529565366236,26.91738118774968,27.304727074969676,27.69764628062501,28.096218995791872,28.500526565390807,28.910651504789357,29.326677516643485,29.748689507981208,30.176773607532198,30.61101718330658,31.051508860426722,31.498338539215506,31.951597413544956,32.41137798944873,32.87777410400259,33.35088094447625,33.83079506776114,34.317614420077284,34.811438356964224,35.31236766355898,35.82050457516641,36.335952798124964,36.85878368010625,37.389001531068274,37.92673330167324,38.472116280038406,39.02528811690741,39.586386936066475,40.155551439483496,40.73292100751861,41.31863579452553,41.912836820134004,42.51566605647872,43.12726651161571,43.74778230934493,44.37735876563782,45.016142461848304,45.664281314868575,46.32193943104785,46.989376512426034,47.66688242732161,48.35474349471952,49.05324291312139,49.76266115285847,50.48327631088238,51.21536442677879,51.959199758487514,52.71505501595952,222.51702328016137
rsav,0.2449379134717943,0.26231010463690685,0.26241604410222147,0.2625126802822747,0.2626004395157975,0.2626797481415209,0.2627510324981756,0.2628147189244927,0.2628712337592031,0.2629210033410378,0.26296445400872775,0.26300201210100377,0.2630341039565969,0.2630611559142381,0.26308359431265826,0.2631018454905883,0.26311633578675925,0.2631274915399019,0.2631357390887474,0.2631415047720265,0.26314521492847026,0.26314729589680963,0.26314817401577545,0.26314830082800283,0.26314828780666916,0.26314825942267356,0.26314821579991,0.2631481570622722,0.26314808333365414,0.26314799473794964,0.2631478913990526,0.2631477734408568,0.26314764098725624,0.26314749416214467,0.263147333089416,0.26314715789296406,0.26314696869668275,0.2631467656244659,0.2631465488002074,0.2631463183478011,0.2631460743911409,0.26314581705412066,0.2631455464606342,0.2631452627345754,0.2631449659998381,0.26314465638031626,0.2631443339999036,0.2631439989824941,0.26314365145198165,0.2631432915322599,0.26314291934722295,0.26314253502076457,0.26314213867677866,0.26314173043915895,0.2631413104317995,0.26314087877859405,0.26314043560343653,0.2631399810302207,0.2631395151828405,0.26313903818518986,0.26313855016116255,0.2631380512346524,0.2631375415295534,0.26313702116975923,0.26313649027916397,0.2631359489816613,0.2631353974011452,0.2631348356615095,0.2631342638866481,0.2631336822004548,0.26313309072682345,0.263132489589648,0.26313187891282225,0.2631312588202401,0.26313062943579535,0.2631299908833819,0.2631293432868937,0.2631286867702245,0.2631280214572681,0.2631273474719186,0.2631266649380697,0.26312597397961524,0.26312527472044916,0.2631245672844653,0.26312385179555753,0.2631231283776197,0.26312239715454566,0.2631216582502294,0.2631209117885645,0.2631201578934451,0.263119396688765,0.263118628298418,0.263117852846298,0.26311707045629884,0.26311628125231434,0.26311548535823853,0.2631146828979651,0.26311387399538805,0.2631130587744011,0.26311223735889827,0.26311140987277326,0.2631105764399201,0.26310973718423253,0.2631088922296045,0.26310804169992974,0.2631071857191023,0.26310632441101584,0.26310545789956447,0.2631045863086418,0.26310370976214187,0.2631028283839585,0.26310194229798545,0.2631010516281167,0.26310015649824614,0.26309925703226755,0.2630983533540748,0.26309744558756176,0.2630965338566224,0.26309561828515043,0.26309469899703974,0.2630937761161843,0.2630928497664779,0.26309192007181437,0.26309098715608764,0.26309005114319156,0.26308911215701997,0.2630881703214667,0.2630872257604257,0.2630862785977908,0.26308532895745584,0.2630843769633147,0.2630834227392613,0.26308246640918936,0.2630815080969929,0.26308054792656566,0.2630795860218016,0.26307862250659453,0.26307765750483836,0.26307669114042687,0.263075723537254,0.26307475481921355,0.2630737851101995,0.2630728145341056,0.26307184321482574,0.2630708712762538,0.26306989884228366,0.2630689260368091,0.2630679529837241,0.26306697980692245,0.26306600663029805,0.26306503357774474,0.26306406077315636,0.26306308834042685,0.26306211640345,0.2630611450861197,0.2630601745123298,0.2630592048059743,0.2630582360909468,0.2630572684911414,0.26305630213045184,0.263055337132772,0.2630543736219958,0.26305341172201707,0.2630524515567296,0.26305149325002736,0.2630505369258042,0.2630495827079539,0.26304863072037044,0.26304768108694765,0.26304673393157935,0.26304578937815937,0.26304484755058166,0.26304390857274007,0.26304297256852843,0.2630420396618406,0.2630411099765705,0.26304018363661197,0.2630392607658588,0.263038341488205,0.2630374259275443,0.2630365142077706,0.2630356064527778,0.26303470278645974,0.26303380333271026,0.26303290821542324,0.2630320175584926,0.2630311314858121,0.26303025012127573,0.26302937358877726,0.26302850201221056,0.26302763551546954,0.263026774222448,0.26302591825703986,0.263025067743139,0.2630242228046392,0.26302338356543437,0.2630225501494184,0.26302172268048507,0.26302090128252836,0.2630200860794421,0.2630192771951201,0.26301847475345624,0.26301767887834443,0.2630168896936785,0.2630161073233523,0.2630153318912597,0.26301456352129454,0.26301380233735083,0.2630130484633222,0.2630123020231027,0.26301156314058616,0.26301083193966635,0.26301010854423723,0.2630093930781926,0.2630086856654264,0.2630079864298324,0.26300729549530455,0.2630066129857367,0.2630059390250226,0.2630052737370563,0.2630046172457315,0.26300396967494216,0.2630033311485821,0.26300270179054525,0.2630020817247254,0.26300147107501637,0.2630008699653122,0.2630002785195066,0.26299969686149344,0.26299912511516665,0.26299856340442007,0.2629980118531476,0.26299747058524303,0.2629969397246002,0.2629964193951131,0.2629959097206755,0.2629954108251813,0.2629949228325244,0.2629944458665986,0.26299398005129776,0.2629935255105157,0.26299308236814645,0.2629926507480837,0.2629922307742214,0.26299182257045345,0.2629914262606737,0.2629910419687759,0.262990669818654,0.2629903099342018,0.2629899624393133,0.2629896274578823,0.2629893051138026,0.2629889955309681,0.2629886988332727,0.26298841514461024,0.2629881445888746,0.2629878872899596,0.26298764337175917,0.2629874129581671,0.26298719617307725,0.2629869931403836,0.2629868039839799,0.26298662882776,0.2629864677956179,0.26298632101144737,0.26298618859914225,0.26298607068259644,0.26298596738570384,0.26298587883235824,0.26298580514645353,0.2629857464518836,0.26298570287254225,0.2629856745323234,0.26298566155512093,0.2629863409333738,0.2629897667064291,0.2629957154940645,0.26300377834073163,0.2630135462908825,0.2630246103889688,0.2630365616794423,0.2630489912067548,0.26306149001535817,0.2630736491497042,0.26308505965424456,0.26309531257343116,0.26310399895171577,0.2631107098335501,0.2631150362633861,0.2631165692856755,0.2631146647197478,0.2631071933152548,0.26309151851213153,0.2630650037503131,0.26302501246973453,0.26296890811033086,0.2628940541120372,0.2627978139147887,0.2626775509585202,0.26253062868316696,-5.479480268501167
inv,0.2449172231590628,0.26532071357800147,0.2692082694479894,0.2731321696928544,0.27710699002534445,0.2811341438777587,0.2852146784919865,0.2893497257482959,0.2935405482836777,0.29778851643180027,0.3020950794213088,0.3064617501603908,0.31088726528817123,0.3153698441547656,0.3199113056851292,0.32451354597519094,0.32917854355555276,0.33390836462649964,0.3387051622156123,0.3435711711519106,0.34850869982316424,0.35352011919232096,0.35860784925677514,0.3637743777754235,0.36902237994888576,0.37434885792438116,0.37975184939035717,0.3852324732861779,0.3907918604378366,0.39643115331248807,0.4021515075011758,0.4079540928506327,0.41384009435089636,0.41981071285075444,0.4258671656505086,0.4320106870066038,0.4382425285726085,0.4445639597941146,0.4509762682703157,0.4574807600916292,0.4640787601602982,0.4707716124991599,0.47756068055248313,0.48444734748183926,0.4914330164592671,0.4985191109594745,0.5057070750524133,0.5129983736972795,0.5203944930387505,0.5278969407061,0.5355072461157049,0.5432269607773398,0.5510576586045872,0.5590009362296285,0.5670584133226252,0.5752317329158669,0.5835225617328417,0.5919325905223469,0.6004635343977553,0.6091171331815293,0.6178951517550736,0.6267993804140024,0.6358316352288982,0.6449937584116326,0.6542876186873157,0.6637151116719405,0.6732781602557946,0.6829787149926968,0.6928187544951314,0.7028002858353442,0.7129253449524725,0.7231959970657745,0.7336143370940329,0.7441824900812041,0.7549026116283879,0.7657768883321946,0.7768075382295888,0.787996811249287,0.7993469896697958,0.8108603885841718,0.8225393563715881,0.8343862751758012,0.846403561390601,0.8585936661523409,0.8709590758396415,0.883502312580362,0.896225934765936,0.9091325375731772,0.9222247534936493,0.9355052528707111,0.9489767444443343,0.9626419759038092,0.9765037344484436,0.9905648473563654,1.0048281825615462,1.019296649239158,1.033973198399378,1.0488608234897703,1.0639625610063492,1.0792814911134685,1.094820738272638,1.1105834718804162,1.1265729069154926,1.1427923045950994,1.1592449730408816,1.1759342679543614,1.1928635933021359,1.2100364020109466,1.2274561966727586,1.2451265302600012,1.2630510068511047,1.2812332823664943,1.2996770653151786,1.3183861175520926,1.3373642550463491,1.356615348660553,1.3761433249413417,1.3959521669213084,1.4160459149324724,1.4364286674314701,1.4571045818366293,1.478077875377095,1.4993528259541886,1.5209337730151729,1.5428251184396005,1.5650313274384282,1.5875569294660832,1.6104065191456656,1.633584757207478,1.6570963714410734,1.6809461576610196,1.7051389806865722,1.7296797753354616,1.754573547432001,1.7798253748297084,1.8054404084486708,1.831423873327845,1.8577810696925288,1.884517374037204,1.9116382402239867,1.9391492005969007,1.9670558671122111,1.9953639324850403,2.0240791713525117,2.0532074414536496,2.082754684826287,2.112726929021216,2.1431302883338423,2.1739709650535866,2.2052552507312875,2.2369895274648837,2.2691802692036127,2.301834043071013,2.3349575107069986,2.3685574296292677,2.4026406546143493,2.4372141390985425,2.472284936599061,2.507860202155656,2.543947193793023,2.5805532740042945,2.6176859112559128,2.655352681514202,2.6935612697939444,2.732319471729284,2.7716351951672844,2.8115164617844486,2.8519714087265617,2.893008290272165,2.9346354795200176,2.9768614701008973,3.019694877914071,3.063144442888817,3.1072190307713403,3.1519276349374543,3.1972793782314097,3.243283514831233,3.2899494321409652,3.3372866527102003,3.385304836181287,3.4340137812646296,3.48342342774247,3.5335438585015684,3.5843853015951983,3.635958132334894,3.688272875412353,3.7413402070519455,3.7951709571942875,3.8497761117112868,3.905166814653155,3.961354370527831,4.018350246613278,4.076166075303136,4.134813656486228,4.194304959960367,4.254652127881,4.315867477245182,4.377963502411368,4.440952877655578,4.504848459764418,4.569663290665534,4.635410600096003,4.702103808309227,4.769756528820889,4.838382571194515,4.9079959438672525,4.978610857016391,5.05024172546727,5.122903171643147,5.196610028557604,5.271377342850178,5.347220377865757,5.424154616778445,5.502195765760485,5.581359757196933,5.661662752946709,5.743121147650726,5.825751572087747,5.909570896578697,5.994596234440081,6.08084494548728,6.168334639588368,6.257083180269272,6.3471086883709305,6.438429545759261,6.531064399088671,6.625032163619907,6.72035202709298,6.817043453656058,6.915126187843914,7.014620258601416,7.115545983439686,7.217923972572727,7.321775133134184,7.427120673459214,7.533982107428189,7.642381258873072,7.752340266047451,7.863881586161031,7.977027999979661,8.091802616491684,8.208228877641753,8.326330563132878,8.446131795297891,8.567657044041171,8.690931131851777,8.815979238888891,8.942826908140766,9.071500050658065,9.202024950862864,9.334428271934213,9.468737061271543,9.604978756036896,9.743181188777257,9.883372593127985,10.025581609598703,10.169837291442642,10.316169110610836,10.464606963792262,10.615181178541189,10.76792251949309,10.922862194670259,11.080031861878554,11.23946363519649,11.401190091558096,11.565244277430827,11.731659715589979,11.900470411990895,12.071710862740511,12.245416061169559,12.421621505007005,12.600363203658011,12.781677685587214,12.965602005808488,13.152207604349996,13.341639431653926,13.533935379646746,13.729123223500078,13.927229423273014,14.128279108561966,14.332296059427293,14.539302683739551,14.749319991075403,14.962367563279965,15.178463521801593,15.397624491894511,15.61986556377524,15.84520025081061,16.073640444806994,16.305196368463587,16.539861738371126,16.777532441170056,17.018059630990603,17.26127927635276,17.507011835153783,17.755061912626207,18.00521790424316,18.257251625473305,18.510917930231372,18.765954319832915,-150.00594123823674
cpc,0.0,0.0,0.0,0.0,0.0,0.0,0.0,0.0,0.0,0.0,0.0,0.0,0.0,0.0,0.0,0.0,0.0,0.0,0.0,0.0,0.0,0.0,0.0,0.0,0.0,0.0,0.0,0.0,0.0,0.0,0.0,0.0,0.0,0.0,0.0,0.0,0.0,0.0,0.0,0.0,0.0,0.0,0.0,0.0,0.0,0.0,0.0,0.0,0.0,0.0,0.0,0.0,0.0,0.0,0.0,0.0,0.0,0.0,0.0,0.0,0.0,0.0,0.0,0.0,0.0,0.0,0.0,0.0,0.0,0.0,0.0,0.0,0.0,0.0,0.0,0.0,0.0,0.0,0.0,0.0,0.0,0.0,0.0,0.0,0.0,0.0,0.0,0.0,0.0,0.0,0.0,0.0,0.0,0.0,0.0,0.0,0.0,0.0,0.0,0.0,0.0,0.0,0.0,0.0,0.0,0.0,0.0,0.0,0.0,0.0,0.0,0.0,0.0,0.0,0.0,0.0,0.0,0.0,0.0,0.0,0.0,0.0,0.0,0.0,0.0,0.0,0.0,0.0,0.0,0.0,0.0,0.0,0.0,0.0,0.0,0.0,0.0,0.0,0.0,0.0,0.0,0.0,0.0,0.0,0.0,0.0,0.0,0.0,0.0,0.0,0.0,0.0,0.0,0.0,0.0,0.0,0.0,0.0,0.0,0.0,0.0,0.0,0.0,0.0,0.0,0.0,0.0,0.0,0.0,0.0,0.0,0.0,0.0,0.0,0.0,0.0,0.0,0.0,0.0,0.0,0.0,0.0,0.0,0.0,0.0,0.0,0.0,0.0,0.0,0.0,0.0,0.0,0.0,0.0,0.0,0.0,0.0,0.0,0.0,0.0,0.0,0.0,0.0,0.0,0.0,0.0,0.0,0.0,0.0,0.0,0.0,0.0,0.0,0.0,0.0,0.0,0.0,0.0,0.0,0.0,0.0,0.0,0.0,0.0,0.0,0.0,0.0,0.0,0.0,0.0,0.0,0.0,0.0,0.0,0.0,0.0,0.0,0.0,0.0,0.0,0.0,0.0,0.0,0.0,0.0,0.0,0.0,0.0,0.0,0.0,0.0,0.0,0.0,0.0,0.0,0.0,0.0,0.0,0.0,0.0,0.0,0.0,0.0,0.0,0.0,0.0,0.0,0.0,0.0,0.0,0.0,0.0,0.0,0.0,0.0,0.0,0.0,0.0,0.0,0.0,0.0,0.0,0.0,0.0,0.0,0.0,0.0,0.0,0.0,0.0,0.0,0.0,0.0,0.0,0.0,0.0,0.0,0.0,0.0,0.0,0.0
periodu,0.7549983051785545,0.7461565756604819,0.7566751530729374,0.7673210739339327,0.778134922502659,0.7891202090626718,0.8002793566036392,0.8116149650132849,0.8231299374362184,0.8348274124886269,0.8467106805057811,0.8587831379383994,0.8710403274146769,0.8834762684867408,0.8960949850945794,0.9089006300831046,0.9218974969010654,0.935090031065135,0.9484828244431582,0.9620805976542478,0.9758881732793848,0.9899104411997952,1.0041523165624904,1.0186186554716017,1.033313858012885,1.0482288887256361,1.063358255825439,1.0787050955223139,1.0942725773765885,1.1100639036126678,1.1260823132719882,1.1423310853833435,1.1588135414494636,1.1755330474515115,1.192493015510063,1.209696905299316,1.227148225283083,1.244850533821769,1.2628074401860587,1.2810226055035367,1.299499743657663,1.3182426221536268,1.3372550629620088,1.3565409433485485,1.3761041966963494,1.3959488133254008,1.4160788413131602,1.4364983873191375,1.4572116174157588,1.478222757927307,1.499536096278362,1.521155981852873,1.5430868268647637,1.565333107240817,1.5878993635164256,1.6107902017447115,1.6340102944194304,1.6575643814120151,1.6814572709230564,1.705693840448502,1.730279037760814,1.7552178819052975,1.7805154642118215,1.8061769493221296,1.8322075762329169,1.8586126593548786,1.8853975895879027,1.9125678354126041,1.9401289439983682,1.968086542328114,1.996446338339954,2.0252141220859503,2.054395766908171,2.0839972306322423,2.114024556778612,2.1444838757917384,2.1753814062874217,2.2067234563184996,2.238516424659147,2.270766802108001,2.3034811728103692,2.336666215599748,2.3703287053589204,2.4044755144008794,2.4391136138698455,2.474250075162644,2.509892071370711,2.5460468787430193,2.5827218781701977,2.619924556690134,2.657662509015367,2.6959434390825505,2.7347751616243157,2.774165603763827,2.8141228066323536,2.8546549270101806,2.8957702389911875,2.937477135671422,2.9797841308620088,3.0226998608267475,3.0662330860447318,3.1103926929983534,3.155187695987064,3.2006272389672326,3.2467205974184994,3.29347718023698,3.340906531655729,3.3890183331928174,3.4378224056274633,3.4873287110045714,3.5375473546681198,3.588488587323803,3.6401628071313312,3.6925805618268344,3.745752550875795,3.7996896276569365,3.854402801677535,3.9099032408205865,3.9662022736242903,4.023311391594319,4.081242251549352,4.140006678000322,4.199616665563911,4.2600843814107225,4.321422167748693,4.383642544342202,4.446758211067419,4.510782050504406,4.575727130566495,4.6416067071674885,4.7084342269272135,4.776223329916002,4.844987852438628,4.914741829858314,4.985499499461323,5.057275303362783,5.130083891454286,5.203940124393904,5.278859076639202,5.354856039523877,5.4319465243786675,5.510146265697134,5.589471224347005,5.669937590827692,5.7515617885746835,5.834360477311459,5.918350556449642,6.0035491685380356,6.089973702761313,6.17764179848899,6.266571348875516,6.356780504512098,6.448287677131088,6.54111154336367,6.6352710485515765,6.730785410613687,6.827674123968204,6.925956963511304,7.025653988652987,7.126785547411018,7.229372280563757,7.33343512586274,7.438995322305868,7.546074414472065,7.65469425691831,7.76487701863994,7.876645187595107,7.9900215752943415,8.105029321456149,8.221691898729585,8.340033117484793,8.460077130672431,8.581848438753068,8.705371894697471,8.830672709058826,8.957776455117973,9.086709074102648,9.217496880481825,9.350166567336235,9.484745211806162,9.621260280617621,9.759739635688039,9.900211539812608,10.04270466243245,10.187248085485784,10.333871309343259,10.482604258828715,10.63347728932657,10.786521192977066,10.94176720496068,11.09924700987294,11.25899274819098,11.421037022833136,11.585412905812927,11.752153944988777,11.92129417091086,12.092868103766467,12.266910760425294,12.443457661586143,12.62254483902639,12.804208842955845,12.98848674947636,13.175416168148805,13.36503524966895,13.557382693653704,13.752497756539537,13.950420259594402,14.151190597045034,14.354849744321205,14.561439266418489,14.77100132638155,14.983578693909312,15.19921475408406,15.417953516226126,15.63983962287596,15.864918358905486,16.093235660760534,16.32483812583627,16.55977302198755,16.798088297176097,17.039832589256534,17.28505523590315,17.53380628467964,17.786136503253577,18.042097389758034,18.301741183302177,18.565120874633156,18.832290216951392,19.103303736881564,19.378216745581426,19.65708534997578,19.93996646436107,20.226917821954135,20.51799798666429,20.81326636504669,21.112783218427765,21.416609675204963,21.72480774332364,22.037440322933236,22.35457121922573,22.6762651554586,23.002587786165407,23.333605710556125,23.669386486110536,24.00999864236696,24.355511694909573,24.705996159556754,25.06152356675372,25.422166476172087,25.78799849151963,26.159094275562907,26.535529565366236,26.91738118774968,27.304727074969676,27.69764628062501,28.096218995791872,28.500526565390807,28.910651504789357,29.326677516643485,29.748689507981208,30.176773607532198,30.61101718330658,31.051508860426722,31.498338539215506,31.951597413544956,32.41137798944873,32.87777410400259,33.35088094447625,33.83079506776114,34.317614420077284,34.811438356964224,35.31236766355898,35.82050457516641,36.335952798124964,36.85878368010625,37.389001531068274,37.92673330167324,38.472116280038406,39.02528811690741,39.586386936066475,40.155551439483496,40.73292100751861,41.31863579452553,41.912836820134004,42.51566605647872,43.12726651161571,43.74778230934493,44.37735876563782,45.016142461848304,45.664281314868575,46.32193943104785,46.989376512426034,47.66688242732161,48.35474349471952,49.05324291312139,49.76266115285847,50.48327631088238,51.21536442677879,51.959199758487514,52.71505501595952,222.51702328016137
cemutotper,0.7549983051785545,0.7241043161775641,0.7126098226085249,0.7012786585840308,0.6901437652909298,0.6792020582984508,0.6684495073783985,0.6578823044334133,0.6474969420652985,0.6372901280041116,0.6272586997644993,0.617399579735059,0.6077042154903797,0.5981636810349341,0.5887763602086141,0.5795406287677551,0.5704548600300324,0.5615174294460379,0.5527267083509961,0.5440810520527313,0.53557878502227,0.5272181847141312,0.5189974648482544,0.5109147410887968,0.5029678515024736,0.4951482666508734,0.487449816641419,0.47987066281888957,0.4724089871533351,0.465062992182409,0.45783090294689904,0.45071096821081646,0.44370146119262527,0.4368006799590941,0.4300069475846649,0.4233186121471731,0.4167340466092627,0.41025164862019675,0.40386984026265604,0.3975870677620748,0.3914018011710785,0.38531253403805876,0.37931778306637776,0.3734160877688663,0.3676060101209533,0.3618861342147999,0.3562550659161014,0.350711432524712,0.34525388243986527,0.3398810848304931,0.33459172931094217,0.3293845256222478,0.3242582033190161,0.3192115114619008,0.3142432183156004,0.30935211105227794,0.3045369954602761,0.29979669565799383,0.29513005381277707,0.2905359298646844,0.28601320125497914,0.28156076265921065,0.2771775257247501,0.2728624188126523,0.2686143867437199,0.2644323905486564,0.2603154072221974,0.25626242948112,0.2522724655260296,0.24834453880683993,0.24447768779185503,0.2406709657403779,0.2369234404787681,0.23323419417987823,0.22960232314580187,0.2260269375938706,0.22250716144583926,0.21904213212020132,0.21563100032758303,0.2122729298691602,0.20896709743805222,0.20571269242364115,0.20250891671877339,0.1993549845297981,0.1962501221893987,0.1931935679721777,0.19018457191295224,0.18722239562772347,0.18430631213727922,0.1814356056933936,0.1786095716075876,0.1758275160824128,0.17308875604522522,0.1703926189844135,0.16773844278804773,0.16512557558491545,0.16255337558791305,0.16002121093975802,0.15752845956099207,0.15507450900024342,0.15265875628671552,0.1502806077848739,0.14793947905129914,0.14563479469367685,0.1433659882318945,0.14113250196121685,0.13893378681751,0.13676930224448614,0.1346385160629414,0.1325409043419569,0.13047595127203804,0.1284431490401628,0.12644199770671322,0.12447200508426234,0.12253268661819197,0.12062356526911351,0.11874417139706715,0.11689404264747401,0.11507272383881514,0.11327976685201425,0.11151473052149788,0.10977718052790994,0.1080666892924567,0.10638283587285731,0.10472520586087866,0.10309339128142903,0.10148699049319018,0.0999056080907633,0.09834885480830848,0.09681634742465395,0.0953077086698551,0.09382256713318111,0.09236055717250757,0.09092131882509615,0.08950449771973822,0.08810974499024461,0.08673671719025998,0.08538507620938256,0.08405448919056975,0.08274462844881085,0.08145517139104717,0.08018580043732144,0.07893620294313781,0.07770607112301488,0.07649510197521286,0.0753029972076181,0.07412946316476691,0.07297421075599235,0.07183695538467628,0.07071741687858962,0.06961531942130653,0.06853039148467328,0.06746236576231815,0.06641097910418546,0.06537597245207881,0.06435709077619794,0.06335408301265356,0.06236670200194697,0.06139470442839764,0.06043785076050609,0.059495905192236784,0.05856863558520784,0.05765581341177288,0.056757213698981866,0.05587261497340785,0.05500179920682574,0.05414455176273059,0.053300661343682,0.05246991993946306,0.05165212277604017,0.050847068265312094,0.05005455795563633,0.0492743964831205,0.04850639152366732,0.04775035374576109,0.047006096763985365,0.046273437093259526,0.04555219410378354,0.04484218997668068,0.0441432496603264,0.04345520082735378,0.042777873832324335,0.04211110167005491,0.0414547199345897,0.0408085667788078,0.04017248287465661,0.03954631137400153,0.038929897870082095,0.038323090359565375,0.03772573920518789,0.03713769709897616,0.03655881902603765,0.03598896222891287,0.03542798617248048,0.034875752509406395,0.03433212504612847,0.03379696970936924,0.0332701545131676,0.03275154952642211,0.03224102684093751,0.031738460539967435,0.031243726667244696,0.030756703196492288,0.030277270001407695,0.0298053088261126,0.029340703256061605,0.028883338689402065,0.028433102308778845,0.02798988305357657,0.02755357159259264,0.027124060297134763,0.026701243214536017,0.026285016042081142,0.025875276101337653,0.025471922312885725,0.025074855171440324,0.02468397672135981,0.024299190532534785,0.02392040167665168,0.02354751670382483,0.023180443619591557,0.022819091862264752,0.022463372280637193,0.022113197112032267,0.02176847996069568,0.021429135776523073,0.02109508083411797,0.020766232712175207,0.02044251027318492,0.020123833643430997,0.01981012419326855,0.019501304517920173,0.019197298418336402,0.018898030882416452,0.018603428066533156,0.018313417277345208,0.018027926953891774,0.01774688664996564,0.017470227016760025,0.017197879785785478,0.016929777752051997,0.016665854757512786,0.016406045674765328,0.016150286391005898,0.015898513792233473,0.015650665747699338,0.015406681094598465,0.015166499622998953,0.014930062061005802,0.014697310060155459,0.01446818618103751,0.01424263387914003,0.014020597490914966,0.013802022220060509,0.013586854124016595,0.013375040100670694,0.013166527875270182,0.012961265987538597,0.012759203778992135,0.012560291380453462,0.01236447969975999,0.012171720409663207,0.011981965935916404,0.011795169445547642,0.01161128483531539,0.011430266720343604,0.011252070422933774,0.011076651961551047,0.010903968039981782,0.010733976036659718,0.010566633994158523,0.010401900608847494,0.010239735220708604,0.010080097803311878,0.009922939840783424,0.009768196598956736,0.009615837767770198,0.009465835046237466,0.009318159477464049,0.009172781569380922,0.00902967140312275,0.008888798730213834,0.008750133059616291,0.008613643735596562,0.008479300007277058,0.008347071090659124,0.008216926223830787,0.00808883471600657,0.007962765990986411,0.007838689625567304,0.007716577846641147,0.007596418023503836,0.007478200192150134,0.007361911425014869,0.00724753620447731,0.007135056757825693,0.007024453357101439,0.006915704586949764,0.006808787583337001,0.006703678245753833,0.027460782248955828
eGross,1.0,1.0018333568513174,1.00609610163731,1.0103870134701816,1.014702871344774,1.01904262683308,1.0234054631653355,1.0277907084534748,1.0321978157057408,1.0366263508422477,1.0410759794575468,1.0455464520392648,1.050037589597303,1.0545490525588603,1.0590803586380428,1.0636311998639751,1.0682014139934097,1.0727909605759336,1.0773999011239932,1.082028382462613,1.0866766225775955,1.0913448983609513,1.0960335346399102,1.1007428938051589,1.105473368823931,1.1102253911482178,1.1149990774083918,1.1197943545012916,1.1246111693080558,1.1294494860996713,1.1343092842000744,1.1391905560463678,1.1440933055615268,1.149017546776811,1.153963302656415,1.1589306040878717,1.1639194890097495,1.1689300016541295,1.1739621918858347,1.1790161146238258,1.1840918293328162,1.189189399575262,1.1943088926155265,1.199450379069335,1.2046139325927148,1.2097996296054934,1.215007549045122,1.2202377721472135,1.2254903822496621,1.230765464617633,1.2360631062870673,1.2413833959246416,1.2467264237023705,1.252092281185276,1.257481061230723,1.2628928578981808,1.2683277663683274,1.2737858828705224,1.279267304617786,1.2847721297485202,1.290300457274289,1.2958523870330414,1.3014280196472372,1.3070274564863884,1.3126507996335672,1.3182981518555001,1.3239696165758899,1.3296652978516477,1.3353853003517495,1.3411297293384639,1.3468986906507177,1.3526922906893877,1.3585106364043407,1.364353835283038,1.3702219953405663,1.376115225110944,1.3820336336395884,1.3879773304768248,1.393946425672339,1.3999410297704795,1.4059612538063269,1.4120072093024565,1.4180790082663246,1.4241767631882145,1.4303005870396979,1.4364505932725438,1.4426268958180446,1.448829609086713,1.45505884796831,1.4613147278321743,1.4675973645278215,1.473906874385785,1.480243374218675,1.486606981322432,1.4929978134777577,1.499415988951699,1.5058616264993763,1.5123348453658338,1.5188357652880067,1.5253645064967847,1.5319211897191665,1.5385059361804931,1.5451188676067567,1.551760106226966,1.5584297747755722,1.5651279964949434,1.5718548951378848,1.5786105949701952,1.5853952207732598,1.592208897846675,1.5990517520108967,1.6059239096099167,1.612825497513957,1.6197566431221833,1.626717474365435,1.6337081197089698,1.6407287081552218,1.6477793692465688,1.6548602330681108,1.6619714302504558,1.669113091972517,1.6762853499643111,1.68348833650977,1.6907221844495508,1.6979870271838564,1.7052829986752591,1.7126102334515267,1.7199688666084563,1.7273590338127087,1.7347808713046502,1.742234515901195,1.7497201049986513,1.7572377765755751,1.7647876691956237,1.7723699220104125,1.7799846747623815,1.7876320677876578,1.795312242018928,1.8030253389883153,1.8107715008302554,1.818550870284382,1.826363590698417,1.8342098060310617,1.8420896608548987,1.8500033003592953,1.8579508703533123,1.8659325172686232,1.8739483881624313,1.8819986307204049,1.8900833932596035,1.898202824731427,1.9063570747245604,1.9145462934679274,1.922770631833659,1.9310302413400553,1.9393252741545728,1.9476558830968025,1.9560222216414704,1.9644244439214344,1.972862704730699,1.9813371595274327,1.9898479644369995,1.9983952762549932,2.0069792524502876,2.0156000511680903,2.02425783123301,2.032952752152134,2.041684974118111,2.0504546580122502,2.0592619654076256,2.068107058572196,2.076990100471927,2.085911254773934,2.094870685849633,2.103868558777895,2.112905039348222,2.1219802940639303,2.1310944901453412,2.140247795532992,2.1494403788908514,2.15867240960955,2.1679440578096205,2.177255494344756,2.186606890805073,2.1959984195203917,2.2054302535635273,2.214902566753594,2.224415533659323,2.233969329602392,2.2435641306607663,2.2532001136720585,2.2628774562368954,2.2725963367223003,2.282356934265092,2.292159428775293,2.302004000939551,2.3118908322245804,2.32182010488061,2.3317920019448524,2.3418067072449755,2.3518644054026083,2.3619652818368344,2.3721095227677282,2.382297315219881,2.392528847025959,2.4028043068302662,2.4131238840923266,2.423487769090478,2.433896152925489,2.4443492275241754,2.4548471856430494,2.4653902208719733,2.4759785276378294,2.4866123012082095,2.497291737695116,2.508017034058683,2.518788388110907,2.5296059985193997,2.5404700648111502,2.551380787376313,2.5623383674719995,2.573343007226095,2.58439490964109,2.5954942785979256,2.606641318859855,2.6178362360763288,2.629079236786885,2.6403705284250667,2.6517103193223486,2.6630988187120854,2.674536236733385,2.6860227844347517,2.6975586737785093,2.7091441176448714,2.720779329835963,2.73246452507987,2.7441999190347044,2.755985728292695,2.7678221703842887,2.779709463782277,2.7916478279059382,2.8036374831252036,2.8156786507648315,2.8277715531086094,2.8399164134035684,2.8521134558642194,2.8643629056768036,2.8766649890035625,2.889019932987024,2.9014279657543125,2.9138893164214688,2.92640421509779,2.9389728928901917,2.9515955819075845,2.964272515265269,2.9770039270893482,2.9897900525211623,3.002631127721733,3.0155273898762394,3.028479077198499,3.041486428935477,3.05454968537181,3.0676690878343513,3.080844878696731,3.0940773013839387,3.1073666003769276,3.1207130212172336,3.1341168105116157,3.147578215936717,3.1610974862437446,3.174674871263176,3.1883106219094666,3.202004990185808,3.215758229188875,3.22957059311362,3.243442619668302,3.2573756907695777,3.271371025755585,3.285429613738394,3.2995522280952727,3.3137394398450066,3.327991629993714,3.3423090009277217,3.356691586924723,3.3711392638487276,3.3856517580890264,3.4002286547986267,3.4148694054831767,3.4295733349874316,3.4443396479225257,3.459167434574029,3.4740555712338876,3.489002064913478,3.5040038734278753,3.5190569634052675,3.534156363605549,3.5492962138422746,3.564469809771512,3.5796696437840327,3.5948874422131727,3.610114199049092
eInd,0.9863170942681356,0.9219988005906038,0.8644047750229646,0.8065356011531157,0.7488960970779275,0.692002084639116,0.6363786464334091,0.5825601147805232,0.5310901212437121,0.4825216545823935,0.43741712168891894,0.39634841288774,0.35689002604569187,0.3160074431595815,0.2744548239298593,0.23301030585832053,0.19246555332163656,0.15362586767450856,0.11731030399016001,0.08435179553425971,0.055597286765219626,0.03190787538994931,0.014158963786872543,0.0032404199091824247,0.0,0.0,0.0,0.0,0.0,0.0,0.0,0.0,0.0,0.0,0.0,0.0,0.0,0.0,0.0,0.0,0.0,0.0,0.0,0.0,0.0,0.0,0.0,0.0,0.0,0.0,0.0,0.0,0.0,0.0,0.0,0.0,0.0,0.0,0.0,0.0,0.0,0.0,0.0,0.0,0.0,0.0,0.0,0.0,0.0,0.0,0.0,0.0,0.0,0.0,0.0,0.0,0.0,0.0,0.0,0.0,0.0,0.0,0.0,0.0,0.0,0.0,0.0,0.0,0.0,0.0,0.0,0.0,0.0,0.0,0.0,0.0,0.0,0.0,0.0,0.0,0.0,0.0,0.0,0.0,0.0,0.0,0.0,0.0,0.0,0.0,0.0,0.0,0.0,0.0,0.0,0.0,0.0,0.0,0.0,0.0,0.0,0.0,0.0,0.0,0.0,0.0,0.0,0.0,0.0,0.0,0.0,0.0,0.0,0.0,0.0,0.0,0.0,0.0,0.0,0.0,0.0,0.0,0.0,0.0,0.0,0.0,0.0,0.0,0.0,0.0,0.0,0.0,0.0,0.0,0.0,0.0,0.0,0.0,0.0,0.0,0.0,0.0,0.0,0.0,0.0,0.0,0.0,0.0,0.0,0.0,0.0,0.0,0.0,0.0,0.0,0.0,0.0,0.0,0.0,0.0,0.0,0.0,0.0,0.0,0.0,0.0,0.0,0.0,0.0,0.0,0.0,0.0,0.0,0.0,0.0,0.0,0.0,0.0,0.0,0.0,0.0,0.0,0.0,0.0,0.0,0.0,0.0,0.0,0.0,0.0,0.0,0.0,0.0,0.0,0.0,0.0,0.0,0.0,0.0,0.0,0.0,0.0,0.0,0.0,0.0,0.0,0.0,0.0,0.0,0.0,0.0,0.0,0.0,0.0,0.0,0.0,0.0,0.0,0.0,0.0,0.0,0.0,0.0,0.0,0.0,0.0,0.0,0.0,0.0,0.0,0.0,0.0,0.0,0.0,0.0,0.0,0.0,0.0,0.0,0.0,0.0,0.0,0.0,0.0,0.0,0.0,0.0,0.0,0.0,0.0,0.0,0.0,0.0,0.0,0.0,0.0,0.0,0.0,0.0,0.0,0.0,0.0,0.0,0.0,0.0,0.0,0.0,0.0,0.0,0.0,0.0,0.0,0.0,0.0,0.0,0.0,0.0,0.0,0.0,0.0,3.610114199049092
abateAmount,0.013682905731864356,0.07983455626071354,0.14169132661434533,0.20385141231706588,0.2658067742668466,0.3270405421939638,0.3870268167319264,0.4452305936729516,0.5011076944620286,0.5541046962598543,0.6036588577686278,0.6491980391515247,0.6931475635516112,0.7385416093992788,0.7846255347081834,0.8306208940056545,0.8757358606717731,0.919165092901425,0.960089597133833,0.9976765869283531,1.0310793358123758,1.059437022971002,1.0818745708530375,1.0975024738959764,1.105473368823931,1.1102253911482178,1.1149990774083915,1.1197943545012916,1.1246111693080558,1.1294494860996713,1.1343092842000744,1.1391905560463678,1.1440933055615268,1.149017546776811,1.153963302656415,1.1589306040878715,1.1639194890097495,1.1689300016541295,1.1739621918858347,1.1790161146238258,1.1840918293328162,1.189189399575262,1.1943088926155265,1.199450379069335,1.2046139325927148,1.2097996296054934,1.215007549045122,1.2202377721472135,1.2254903822496621,1.230765464617633,1.2360631062870675,1.2413833959246416,1.2467264237023705,1.252092281185276,1.257481061230723,1.2628928578981808,1.2683277663683274,1.2737858828705222,1.279267304617786,1.2847721297485202,1.2903004572742889,1.2958523870330412,1.3014280196472372,1.3070274564863882,1.3126507996335672,1.3182981518555001,1.3239696165758899,1.3296652978516477,1.3353853003517493,1.3411297293384639,1.3468986906507177,1.3526922906893877,1.3585106364043407,1.3643538352830378,1.3702219953405663,1.376115225110944,1.3820336336395884,1.3879773304768246,1.3939464256723388,1.3999410297704793,1.4059612538063269,1.4120072093024565,1.4180790082663246,1.4241767631882143,1.4303005870396979,1.4364505932725438,1.4426268958180446,1.448829609086713,1.45505884796831,1.4613147278321743,1.4675973645278215,1.4739068743857848,1.480243374218675,1.4866069813224319,1.4929978134777575,1.499415988951699,1.5058616264993763,1.5123348453658336,1.5188357652880067,1.5253645064967847,1.5319211897191665,1.5385059361804931,1.5451188676067567,1.5517601062269657,1.558429774775572,1.5651279964949432,1.5718548951378848,1.578610594970195,1.5853952207732596,1.5922088978466753,1.5990517520108967,1.6059239096099167,1.612825497513957,1.619756643122183,1.6267174743654347,1.6337081197089696,1.6407287081552215,1.6477793692465688,1.6548602330681108,1.6619714302504556,1.669113091972517,1.676285349964311,1.68348833650977,1.6907221844495508,1.6979870271838562,1.7052829986752591,1.7126102334515267,1.719968866608456,1.7273590338127087,1.7347808713046502,1.742234515901195,1.7497201049986513,1.7572377765755751,1.7647876691956237,1.7723699220104125,1.7799846747623815,1.7876320677876578,1.795312242018928,1.803025338988315,1.8107715008302554,1.818550870284382,1.826363590698417,1.8342098060310617,1.8420896608548987,1.850003300359295,1.857950870353312,1.8659325172686232,1.8739483881624313,1.8819986307204046,1.8900833932596035,1.898202824731427,1.9063570747245604,1.9145462934679274,1.9227706318336588,1.931030241340055,1.9393252741545726,1.9476558830968025,1.9560222216414704,1.9644244439214347,1.972862704730699,1.9813371595274325,1.9898479644369993,1.998395276254993,2.0069792524502876,2.0156000511680903,2.02425783123301,2.032952752152134,2.041684974118111,2.0504546580122502,2.0592619654076256,2.068107058572196,2.076990100471927,2.085911254773934,2.094870685849633,2.103868558777895,2.1129050393482216,2.12198029406393,2.1310944901453412,2.140247795532992,2.1494403788908514,2.15867240960955,2.16794405780962,2.1772554943447555,2.1866068908050726,2.1959984195203917,2.2054302535635273,2.214902566753594,2.224415533659323,2.233969329602392,2.2435641306607663,2.2532001136720585,2.2628774562368954,2.2725963367223003,2.282356934265092,2.292159428775293,2.302004000939551,2.3118908322245804,2.3218201048806097,2.3317920019448524,2.3418067072449755,2.3518644054026083,2.3619652818368344,2.3721095227677282,2.382297315219881,2.392528847025959,2.4028043068302662,2.413123884092326,2.423487769090478,2.4338961529254886,2.4443492275241754,2.454847185643049,2.465390220871973,2.4759785276378294,2.4866123012082095,2.497291737695116,2.508017034058683,2.518788388110907,2.5296059985193993,2.5404700648111502,2.5513807873763126,2.5623383674719995,2.573343007226095,2.5843949096410896,2.5954942785979256,2.606641318859855,2.6178362360763288,2.629079236786885,2.6403705284250663,2.6517103193223486,2.6630988187120854,2.6745362367333847,2.6860227844347517,2.697558673778509,2.709144117644871,2.720779329835963,2.73246452507987,2.7441999190347044,2.755985728292695,2.7678221703842882,2.779709463782277,2.7916478279059382,2.8036374831252036,2.8156786507648315,2.8277715531086094,2.839916413403568,2.852113455864219,2.8643629056768036,2.876664989003562,2.889019932987024,2.9014279657543125,2.9138893164214688,2.92640421509779,2.9389728928901913,2.951595581907584,2.964272515265269,2.977003927089348,2.9897900525211623,3.002631127721733,3.0155273898762394,3.0284790771984986,3.0414864289354764,3.0545496853718097,3.0676690878343513,3.08084487869673,3.094077301383938,3.107366600376927,3.120713021217233,3.1341168105116153,3.1475782159367167,3.1610974862437446,3.1746748712631754,3.188310621909466,3.202004990185808,3.215758229188875,3.229570593113619,3.2434426196683015,3.2573756907695772,3.2713710257555846,3.2854296137383936,3.2995522280952723,3.313739439845006,3.3279916299937136,3.342309000927721,3.3566915869247227,3.371139263848727,3.3856517580890264,3.4002286547986262,3.4148694054831767,3.429573334987431,3.4443396479225252,3.4591674345740286,3.474055571233887,3.4890020649134774,3.504003873427875,3.5190569634052666,3.5341563636055486,3.5492962138422746,3.5644698097715115,3.5796696437840327,3.5948874422131722,0.0
abateAmountTech_0,0.009431879490509215,0.008034812229587645,0.011588498233843645,0.013530897854161072,0.014366571328418055,0.014534490152314032,0.014395268498354624,0.01422182271921419,0.014193557783719054,0.014394192875518443,0.01481334022750477,0.015351952746746061,0.015897450949308976,0.016452076715869256,0.01700385595316339,0.017542423649311575,0.01805889378739029,0.018545470872173373,0.018995052547581853,0.019400823167301667,0.019755838193095163,0.0200525992985777,0.020282620053548056,0.02043598205751924,0.020501933880207917,0.02056537370887769,0.020654624193386147,0.02074570641484288,0.020838630483177512,0.02093340686818026,0.02103004635460495,0.021128560004870622,0.021228959127749726,0.021331255251844497,0.02143546010294355,0.02154158558455961,0.021649643761102004,0.021759646843250963,0.021871607175186672,0.021985537223391728,0.02210144956679652,0.022219356888077316,0.022339271965948513,0.02246120766831612,0.022585176946180015,0.022711192828189838,0.022839268415772742,0.02296941687876315,0.023101651451474085,0.023235985429157866,0.02337243216481067,0.023511005066281433,0.02365171759365023,0.023794583256845882,0.023939615613476045,0.024086828266845963,0.0242362348641453,0.02438784909478445,0.02454168468886391,0.02469775541576231,0.024856075082829995,0.02501665753417669,0.025179516649542957,0.02534466634324625,0.025512120563193207,0.025681893289950988,0.02585399853587095,0.026028450344258734,0.0262052627885854,0.026384449971734926,0.026566026025283702,0.026750005108808067,0.026936401409216583,0.027125229140103707,0.027316502541122174,0.027510235877371322,0.027706443438799352,0.027905139539617096,0.028106338517721704,0.028310054734128242,0.028516302572407896,0.028725096438131297,0.0289364507583156,0.029150379980874216,0.029366898574068358,0.029586021025958996,0.02980776184385881,0.030032135553783056,0.03025915669989877,0.03048883984397161,0.0307211995648097,0.030956250457704,0.03119400713386468,0.03143448421985299,0.03167769635700828,0.031923658200869766,0.03217238442059257,0.03242388969835792,0.03267818872877707,0.032935296218288654,0.033195226884549234,0.033457995455816854,0.03372361667032736,0.03399210527566316,0.034263476028114415,0.034537743692032295,0.03481492303917432,0.03509502884804143,0.03537807590320674,0.03566407899463583,0.03595305291699836,0.036245012468971056,0.036539972452531634,0.03683794767224381,0.03713895293453322,0.037443003046953964,0.03775011281744596,0.038060297053582715,0.038373570561809595,0.03868994814667233,0.03900944461003587,0.0393320747502933,0.039657853361564785,0.0399867952328864,0.04031891514738893,0.04065422788146628,0.04099274820393356,0.041334490875174754,0.0416794706462798,0.04202770225817112,0.042379200440719286,0.04273397991184796,0.04309205537662793,0.04345344152636005,0.0438181530376471,0.04418620457145457,0.04455761077215994,0.044932386266590706,0.04531054566305101,0.045692103550336434,0.04607707449673733,0.04646547304903033,0.04685731373145792,0.047252611044696184,0.04765137946481029,0.04805363344219799,0.048459387400520755,0.04886865573562251,0.04928145281443611,0.049697792973876845,0.050117690519723763,0.050541159725487804,0.05096821483126724,0.0513988700425902,0.05183313952924374,0.052271037424090276,0.05271257782187011,0.05315777477799103,0.053606642307303984,0.05405919438286535,0.0545154449346854,0.054975407848462894,0.05543909696430559,0.055906526075436794,0.056377708926887676,0.056852659214175115,0.05733139058196531,0.05781391662272268,0.05830025087534406,0.05879040682377821,0.05928439789563035,0.05978223746075151,0.06028393882981289,0.06078951525286494,0.06129897991788073,0.06181234594928412,0.062329626406462044,0.06285083428226099,0.06337598250146771,0.06390508391927367,0.0644381513197234,0.06497519741414645,0.065516234839573,0.06606127615713277,0.0666103338504372,0.0671634203239448,0.06772054790130949,0.06828172882371172,0.0688469752481725,0.06941629924584966,0.06998971280031695,0.0705672278058251,0.0711488560655451,0.0717346092897937,0.07232449909424042,0.07291853699809649,0.0735167344222853,0.0741191026875942,0.07472565301280767,0.07533639651282134,0.0759513441967375,0.07657050696594056,0.07719389561215406,0.07782152081547752,0.07845339314240392,0.07908952304381718,0.07972992085296991,0.08037459678344054,0.08102356092707082,0.08167682325188204,0.0823343935999713,0.08299628168538666,0.0836624970919811,0.08433304927124585,0.08500794754012198,0.08568720107879073,0.08637081892844196,0.08705880998902114,0.08775118301695385,0.08844794662284855,0.08914910926917673,0.08985467926793048,0.0905646647782576,0.09127907380407367,0.0919979141916508,0.09272119362718365,0.09344891963433141,0.09418109957173665,0.09491774063051997,0.09565787678871161,0.09639715750418405,0.0971354248755328,0.09787311307933438,0.09861066406496247,0.0993485276394959,0.10008716155336694,0.10082703158675463,0.10156861163672946,0.10231238380515446,0.10305883848734919,0.10380847446152153,0.1045617989789742,0.10531932785509077,0.10608158556110776,0.10684910531667857,0.10762242918323547,0.10840210815815515,0.10918870226973455,0.10998278067298263,0.1107849217462346,0.11159571318859457,0.1124157521182128,0.11324564517140448,0.11408600860261557,0.11493746838524245,0.11580066031331221,0.11667623010402925,0.11756483350119527,0.11846713637950962,0.1193838148497552,0.12031555536487838,0.12126305482696836,0.12222702069514325,0.12320817109434953,0.124207234925082,0.12522495197403052,0.1262620730256617,0.1273193599747407,0.1283975859398021,0.1294975353775756,0.1306200041983747,0.1317657998824539,0.13293574159734461,0.13413066031617324,0.13535139893697254,0.13659882429680562,0.1378738513235747,0.13917740125901884,0.14051039877692337,0.14187377252886632,0.14326845564374904,0.14469538618352135,0.14615550755730705,0.1476497688959418,0.1491791253887618,0.1507445385843156,0.15234697665652244,0.15398741463765822,0.15566683461941963,0.1573862259231949,0.15914658524055636,0.16094891187601526,0.16279417684954003,0.16468331297454128,0.16661721570155863,0.1685967437090008,0.17062271924804445,0.17269592824750749,0.17481712018332404,0.17698700771613984,0.0
abateAmountTech_1,0.00425102624135514,0.07179974403112589,0.1301028283805017,0.19032051446290482,0.25144020293842856,0.3125060520416498,0.37263154823357175,0.4310087709537374,0.48691413667830963,0.5397105033843358,0.588845517541123,0.6338460864047787,0.6772501126023023,0.7220895326834096,0.7676216787550201,0.813078470356343,0.8576769668843828,0.9006196220292516,0.9410945445862512,0.9782757637610515,1.0113234976192806,1.0393844236724243,1.0615919507994895,1.0770664918384572,1.0849714349437232,1.08966001743934,1.0943444532150055,1.0990486480864488,1.1037725388248782,1.108516079231491,1.1132792378454694,1.1180619960414973,1.122864346433777,1.1276862915249664,1.1325278425534713,1.137389018503312,1.1422698452486475,1.1471703548108785,1.152090584710648,1.1570305774004341,1.1619903797660196,1.1669700426871847,1.171969620649578,1.1769891714010188,1.1820287556465348,1.1870884367773036,1.1921682806293492,1.1972683552684504,1.202388730798188,1.207529479188475,1.2126906741222567,1.2178723908583602,1.2230747061087204,1.2282976979284301,1.2335414456172469,1.2388060296313348,1.244091531504182,1.2493980337757378,1.254725619928922,1.2600743743327578,1.265444382191459,1.2708357294988646,1.2762485029976942,1.281682790143142,1.287138679070374,1.2926162585655492,1.2981156180400188,1.303636847507389,1.309180037563164,1.314745279366729,1.3203326646254339,1.3259422855805796,1.331574234995124,1.3372286061429342,1.3429054927994442,1.3486049892335727,1.3543271902007892,1.3600721909372075,1.3658400871546172,1.3716309750363511,1.3774449512339189,1.3832821128643251,1.389142557508009,1.3950263832073402,1.4009336884656296,1.4068645722465847,1.4128191339741858,1.4187974735329298,1.424799691268411,1.4308258879882028,1.4368761649630117,1.442950623928081,1.4490493670848101,1.4551724971025788,1.4613201171207493,1.4674923307508292,1.4736892420787837,1.4799109556674757,1.4861575765592296,1.492429210278496,1.4987259628346172,1.5050479407246762,1.5113952509364292,1.5177680009513026,1.5241662987474576,1.530590252802911,1.5370399720987105,1.5435155661221536,1.5500171448700528,1.5565448188520394,1.5630986990938982,1.5696788971409457,1.5762855250614254,1.5829186954499392,1.5895785214309015,1.5962651166620156,1.6029785953377755,1.609719072192986,1.6164866625063012,1.6232814821037833,1.630103647362481,1.6369532752140177,1.6438304831482051,1.6507353892166643,1.6576681120364674,1.6646287707937928,1.6716174852475931,1.6786343757332813,1.685679563166429,1.692753169046479,1.6998553154604756,1.7069861250868033,1.7141457211989473,1.7213342276692636,1.7285517689727654,1.735798470190927,1.743074457015498,1.7503798557523373,1.7577147933252641,1.765079397279919,1.7724737957876446,1.7798981176493867,1.7873524922996038,1.7948370498102024,1.8023519208944847,1.8098972369111141,1.8174731298681024,1.8250797324268087,1.8327171779059686,1.8403856002857266,1.8480851342117033,1.8558159149990725,1.86357807863666,1.8713717617910686,1.8791971018108113,1.8870542367304823,1.8949433052749323,1.9028644468634794,1.9108178016141306,1.9188035103478336,1.926821714592747,1.9348725565885363,1.9429561792906875,1.9510727263748509,1.9592223422412025,1.9674051720188348,1.9756213615701683,1.9838710574953884,1.9921544071369062,2.0004715585838473,2.0088226606765653,2.017207863011176,2.0256273159441207,2.034081170596768,2.042569578860014,2.0510926933989375,2.059650667657468,2.06824365586308,2.076871813031524,2.0855352949715775,2.0942342582898266,2.1029688603954737,2.1117392595051827,2.12054561464794,2.1293880856699543,2.1382668332395824,2.1471820188522845,2.156133804835611,2.1651223543542195,2.1741478314149165,2.1832104008717415,2.1923102284310705,2.201447480656755,2.210622324975298,2.2198349296810527,2.229085463941454,2.238374097802295,2.2477010021930157,2.2570663489320446,2.266470310732154,2.2759130612058707,2.285394774870894,2.294915627155574,2.3044757944044036,2.314075453883555,2.323714783786449,2.3333939632393563,2.3431131723070378,2.352872591998418,2.3626724042722933,2.3725127920430777,2.3823939391865863,2.392316030545848,2.402279251936964,2.412283790154994,2.4223298329798926,2.432417569182465,2.442547188530378,2.4527188817941963,2.462932840753464,2.4731892582028228,2.4834883279581645,2.4938302448628322,2.504215204793852,2.5146434046682042,2.525115042449145,2.535630317152554,2.5461894288533298,2.5567925786918284,2.567440941923374,2.5781390792292007,2.588887359559219,2.5996855606991747,2.6105334535799085,2.6214308021964667,2.632377363526503,2.6433728874479496,2.6544171166559654,2.665509786579134,2.676650625294928,2.6878393534444167,2.6990756841462296,2.7103593229097407,2.7216899675475017,2.7330673080868895,2.7444910266809837,2.7559607975186484,2.7674762867338276,2.779037152314041,2.790643044008078,2.802293603232874,2.813988462979577,2.825727247718787,2.8375095733049687,2.8493350468800265,2.8612032667760356,2.873113822417133,2.8850662942205374,2.8970602534967296,2.9090952623487434,2.921170873570598,2.9332866305448415,2.945442067139208,2.9576367076023806,2.9698700664588564,2.9821416484028966,2.9944509481915715,3.0067974505368746,3.0191806299969146,3.031599950866169,3.044054867064801,3.0565448220270124,3.0690692485884634,3.081627568872702,3.0942191941766466,3.106843795371496,3.1195018394460026,3.1321936244965656,3.14491921496147,3.157678455566406,3.1704709842012573,3.1832962438101924,3.196153493370414,3.2090418180287807,3.2219601384599654,3.2349072195047106,3.247881678142104,3.2608819908455184,3.2739065003680117,3.28695342199933,3.3000208493334724,3.3131066593578717,3.326207888063937,3.339320560453334,3.3524397477037082,3.365559619896548,3.37867349459423,3.391773881524004,3.4048525236007086,3.4179004344970325,0.0
abateFrac,8.447166238272431e-05,0.0004196654032554125,0.0005233415714932683,0.0006767805973274731,0.0008254495583112279,0.0009667844997141154,0.0010999350067352194,0.0012240185111288275,0.001337957501155821,0.001440569657249395,0.0015306681277101888,0.0016071072665475245,0.0016778950836514417,0.001752178968814542,0.0018273169133613825,0.0019008283088332838,0.001970355558689601,0.002033631801366154,0.0020884718655766158,0.00213277815670669,0.0021645568141898074,0.0021819413420799886,0.0021832219360618803,0.0021668793296891506,0.002131768639938542,0.0020903215650918067,0.0020508916455034597,0.002013256697072017,0.0019772275560754806,0.0019426457689200609,0.001909377221401565,0.001877307338686501,0.0018463374135553375,0.0018163817592102894,0.0017873654741456914,0.0017592226677880345,0.0017318950374832435,0.0017053307165490698,0.0016794833337128656,0.001654311239032664,0.0016297768621407077,0.0016058461765520934,0.0015824882496629504,0.0015596748624860705,0.0015373801865314382,0.0015155805078140472,0.0014942539899618877,0.0014733804699481445,0.0014529412811895338,0.0014329190997157783,0.001413297809881854,0.0013940623867088342,0.0013751987924341274,0.0013566938852530735,0.0013385353385607821,0.0013207115692708423,0.0013032116740078954,0.0012860253721532935,0.0012691429548743942,0.001252555239394243,0.0012362535278641242,0.0012202295702902753,0.0012044755310410586,0.00118898395852435,0.0011737477576788354,0.0011587601649688936,0.0011440147256120432,0.0011295052728016563,0.0011152259087166382,0.0011011709871347954,0.0010873350974882395,0.0010737130502179537,0.001060299863300942,0.0010470907498376107,0.0010340811065994342,0.0010212665034478366,0.0010086426735447535,0.0009962055042837252,0.0009839510288777596,0.0009718754185467218,0.0009599749752527918,0.0009482461249376191,0.0009366854112193702,0.0009252894895118741,0.0009140551215316969,0.0009029791701621529,0.0008920585946461625,0.0008812904460824053,0.000870671863201537,0.0008602000684013049,0.0008498723640212471,0.000839686128839343,0.0008296388147744913,0.0008197279437800494,0.000809951104914909,0.0008003059515796934,0.0007907901989066731,0.000781401621292918,0.000772138050067036,0.0007629973712806046,0.0007539775236161003,0.0007450764964037526,0.0007362923277403272,0.0007276231027033732,0.0007190669516549393,0.000710622048629215,0.0007022866097989497,0.0006940588920158705,0.0006859371914206687,0.000677919842118424,0.000670005214915632,0.0006621917161152661,0.0006544777863665351,0.0006468618995662423,0.0006393425618088411,0.0006319183103824852,0.0006245877128085446,0.0006173493659222209,0.0006102018949920518,0.0006031439528762294,0.0005961742192137938,0.0005892913996488782,0.0005824942250863001,0.000575781450976892,0.0005691518566310682,0.0005626042445592081,0.0005561374398375265,0.0005497502894981776,0.0005434416619424112,0.0005372104463756694,0.0005310555522635776,0.0005249759088078383,0.0005189704644410989,0.0005130381863399072,0.0005071780599549299,0.0005013890885576421,0.000495670292802746,0.0004900207103056169,0.00048443939523411055,0.00047892541791409867,0.00047347786444813957,0.00046809583634671597,0.00046277845017150197,0.0004575248371901526,0.00045233414304213124,0.0004472055274151166,0.00044213816373155193,0.0004371312388449248,0.00043218395274538225,0.0004272955182743065,0.00042246516084749544,0.0004176921181866079,0.0004129756400585529,0.00040831498802251266,0.0004037094351843061,0.00039915826595781696,0.0003946607758332148,0.0003902162711517182,0.0003858240688866568,0.00038148349643059846,0.0003771938913883224,0.00037295460137542737,0.0003687649838223679,0.00036462440578373373,0.00036053224375257834,0.000356487883479627,0.0003524907197971918,0.0003485401564476314,0.0003446356059162015,0.00034077648926814834,0.00033696223598990004,0.0003331922838342206,0.00032946607866919745,0.00032578307433093443,0.00032214273247982986,0.0003185445224603269,0.0003149879211640214,0.00031147241289602323,0.0003079974892444685,0.000304562648953083,0.00030116739779670256,0.0002978112484596615,0.0002944937204169593,0.0002912143398181223,0.0002879726393736781,0.0002847681582441704,0.0002816004419316298,0.00027846904217343753,0.00027537351683850687,0.0002723134298257178,0.00026928835096453924,0.00026629785591777706,0.00026334152608638837,0.0002604189485163024,0.0002575297158071948,0.0002546734260231586,0.0002518496826052228,0.0002490580942856649,0.0002462982750040732,0.00024356984382510727,0.0002408724248579158,0.0002382056471771638,0.0002355691447456324,0.00023296255633834336,0.00023038552546817597,0.00022783770031293207,0.00022531873364381672,0.0002228282827552967,0.00022036600939630063,0.00021793157970273255,0.0002155246641312592,0.00021314493739434587,0.0002107920783965072,0.0002084657701717439,0.0002061656998221367,0.00020389155845757203,0.0002016430411365674,0.0001994198468081773,0.00019722167825494792,0.00019504824203690107,0.00019289924843651982,0.00019077441140471628,0.0001886734485077553,0.0001865960808751162,0.00018454203314826803,0.00018251103343034064,0.00018050281323666936,0.00017851710744619568,0.00017655365425370376,0.00017461219614770568,0.0001726924825595241,0.00017079426173700654,0.00016891728448518526,0.00016706130472664076,0.00016522607942950356,0.0001634113685405204,0.0001616169349228503,0.00015984254429826842,0.0001580879651934753,0.0001563529688902229,0.0001546373293789861,0.0001529408233159184,0.0001512632299828499,0.00014960433125009402,0.000147963911541845,0.00014634175780395872,0.00014473765947392215,0.00014315140845282598,0.00014158279907916844,0.00014003162810432483,0.00013849769466953006,0.00013698080028422843,0.00013548074880565648,0.00013399734641952806,0.00013253040162170587,0.00013107972520074427,0.00012964513022120162,0.0001282264320076207,0.00012682344812909061,0.00012543599838430158,0.00012406390478701551,0.00012270699155187957,0.00012136508508051329,0.00012003801394780903,0.00011872560888838571,0.00011742770278314461,0.00011614413064587749,0.00011487472960988306,0.00011361933891455111,0.00011237779989187759,0.00011114995595287676,0.00010993565257386209,0.00010873473728256713,0.00010754705964408404,0.00010637247124659812,0.0001052108256869009,0.00010406197854814616,0.00010292578736347518,0.00010180211160752,0.00010069081268877222,9.959175394059423e-05,9.850480061098189e-05,9.742981985117614e-05,9.636668070321385e-05,9.531525408650015e-05,9.427541278347767e-05,9.32470314244634e-05,9.222998647171588e-05,9.122415620279379e-05,9.022942069325911e-05,8.924566179877731e-05,8.827276313666075e-05,8.731061006901096e-05,8.635908969819874e-05,8.541809086391706e-05,8.448750413696029e-05,8.356722181008192e-05,8.265713788625124e-05,8.175714806459982e-05,8.08671497243223e-05,1.1384503964539206e-43
abateCost,8.447166238272431e-05,0.00042466023968269263,0.0005371685651520378,0.0007046354513146827,0.0008717685715901045,0.0010357066242849783,0.0011952876275085616,0.00134925267183792,0.0014960593164728981,0.0016339659823352347,0.0017611360765111557,0.0018756879587191562,0.0019864836081078907,0.00210428002061213,0.002226096645947518,0.00234897357784135,0.002469931273471339,0.0025859343316542356,0.0026938819925957703,0.002790617340482736,0.0028729509419039272,0.002937696561511293,0.0029817176389644756,0.0030019838259497775,0.0029958428585924266,0.002979873836383686,0.002965744879725218,0.00295322771998426,0.002942127584728438,0.0029322826346881953,0.0029235570195383356,0.0029158356618419336,0.0029090202793205346,0.0029030263099188323,0.002897780505365515,0.0028932190267590414,0.0028892859220233723,0.0028859318972566193,0.0028831133167057225,0.002880791382361344,0.002878931455965863,0.0028775024948938916,0.002876476579802983,0.0028758285167858016,0.0028755355004195966,0.002875576826912686,0.0028759336487112733,0.0028765887636131335,0.0028775264327538875,0.0028787322228729924,0.002880192869094111,0.002881896155116329,0.0028838308082451214,0.002885986407122757,0.002888353300368241,0.002890922534623398,0.0028936857907371108,0.0028966353270140103,0.0028997639286150127,0.002903064862331199,0.0029065318360646814,0.0029101589624441165,0.002913940726081852,0.0029178719540466106,0.0029219477891824293,0.0029261636659529437,0.0029305152885313376,0.002934998610891605,0.002939609818687112,0.002944345312728561,0.0029492016938959913,0.002954175749338991,0.0029592644398362122,0.0029644648882000196,0.0029697743686249497,0.002975190296889875,0.0029807102213336096,0.002986331814532314,0.002992052865614645,0.002997871273157263,0.003003785038609272,0.0030097922601993008,0.0030158911272836447,0.003022079915097923,0.00302835697987844,0.003034720754322579,0.0030411697433605895,0.003047702520213611,0.0030543177227151585,0.0030610140498753577,0.0030677902586690783,0.003074645161030798,0.003081577621040542,0.0030885865522865858,0.0030956709153918583,0.0031028297156920864,0.003110062001054705,0.003117366859828492,0.0031247434189147017,0.003132190841951203,0.0031397083276018365,0.0031472951079437976,0.003154950446946438,0.0031626736390353662,0.0031704640077362175,0.0031783209043928784,0.00318624370695537,0.0031942318188328883,0.003202284667807923,0.003210401705007582,0.003218582403928587,0.0032268262595126526,0.003235132787269153,0.0032435015224422515,0.0032519320192198335,0.0032604238499817596,0.0032689766045851587,0.003277589889684595,0.0032862633280851153,0.0032949965581262944,0.003303789233095562,0.003312641020669125,0.0033215516023790133,0.0033305206731047655,0.0033395479405884648,0.0033486331249718213,0.0033577759583541525,0.003366976184370153,0.003376233557786408,0.0033855478441156724,0.0033949188192480204,0.003404346269097973,0.0034138299892668296,0.0034233697847194,0.0034329654694744555,0.0034426168663082056,0.0034523238064701513,0.003462086129410736,0.0034719036825202184,0.003481776320878213,0.0034917039070134206,0.003501686310673057,0.0035117234086015185,0.0035218150843278734,0.0035319612279617685,0.0035421617359973636,0.0035524165111249333,0.0035627254620497935,0.0035730885033182407,0.00358350555515016,0.0035939765432780545,0.0036045013987921746,0.003615080057991521,0.003625712462240453,0.003636398557830646,0.0036471382958482295,0.0036579316320458164,0.003668778526719284,0.0036796789445890724,0.003690632854685831,0.003701640230240234,0.003712701048576815,0.0037238152910116077,0.003734982942753523,0.003746203992809234,0.0037574784338914955,0.0037688062623307253,0.003780187477989747,0.0037916220841815486,0.003803110087589975,0.003814651498193225,0.00382624632919003,0.0038378945969284655,0.0038495963208372624,0.0038613515233595114,0.0038731602298887322,0.003885022468707167,0.003896938270926241,0.00390890767042913,0.003920930703815326,0.003933007410347154,0.003945137831898178,0.003957322012903421,0.00396956000031133,0.003981851843537437,0.003994197594419686,0.004006597307175297,0.00401905103835921,0.004031558846823983,0.004044120793681131,0.004056736942263866,0.0040694073580911615,0.004082132108833138,0.004094911264277704,0.0041077448962984165,0.0041206330788235235,0.004133575887806178,0.004146573401195728,0.004159625698910134,0.004172732862809384,0.0041858949766699835,0.004199112126160367,0.004212384398817346,0.004225711884023416,0.0042390946729850216,0.004252532858711673,0.004266026535995927,0.00427957580139421,0.004293180753208424,0.0043068414914683665,0.004320558117914905,0.004334330735983889,0.0043481594507908065,0.004362044369116125,0.0043759855993913315,0.004389983251685666,0.004404037437693451,0.004418148270722121,0.004432315865680828,0.004446540339069685,0.0044608218089695695,0.004475160395032531,0.0044895562184727456,0.004504009402058025,0.00451852007010186,0.0045330883484559934,0.004547714364503501,0.004562398247152368,0.004577140126829564,0.004591940162426497,0.0046067986151314775,0.004621715636948692,0.0046366913663716,0.004651725944092647,0.004666819512235511,0.004681972213644148,0.004697184191228341,0.004712455587365491,0.004727786543358304,0.004743177198948157,0.004758627691883825,0.004774138157545292,0.0047897087286223605,0.004805339534847817,0.004821030702784824,0.004836782355668322,0.004852594613300126,0.004868467591997469,0.004884401404594721,0.004900396160498024,0.004916451965792552,0.0049325689234021655,0.0049487471333011885,0.004964986692778034,0.004981287696750436,0.004997650238132027,0.0050140744082500174,0.005030560297313671,0.005047107994933429,0.005063717590690305,0.005080389174755407,0.005097122838559278,0.0051139186755108385,0.005130776781765664,0.005147697257043376,0.005164680205493893,0.005181725736612309,0.005198833966202133,0.005216005017386709,0.0052332390216685174,0.005250536120036164,0.0052678964641188,0.005285320217387782,0.005302807556405258,0.005320358672119563,0.0053379742359905835,0.0053556563205819216,0.005373406739370517,0.0053912269388111346,0.005409118025829585,0.005427080793359134,0.0054451157440736486,0.0054632231124584615,0.005481402885348141,0.005499654821049909,0.005517978467161687,0.0055363731771849445,0.005554838126024366,0.0055733723244589875,0.005591974632662546,0.005610643772844575,0.005629378170783675,0.005648174898986072,0.005667029395625981,0.005685935569774781,0.005704885898384216,0.005723871515554461,0.005742882294563279,0.00576190692308381,0.0057809329719753985,8.255027009793183e-42
abateCostTech_0,8.896035072348838e-06,6.411866975871946e-06,1.321514421181643e-05,1.785052765607592e-05,1.9937995235859896e-05,2.021854462353786e-05,1.965001896692079e-05,1.9002271867011e-05,1.8752009975290033e-05,1.9107731916617197e-05,2.0049744610855685e-05,2.133524924632323e-05,2.2666917923382296e-05,2.4051685963488588e-05,2.54545431507444e-05,2.6842071922755046e-05,2.8182893557029684e-05,2.9447307591585802e-05,3.060677450679654e-05,3.163324069346165e-05,3.249833779351684e-05,3.317251567573876e-05,3.362419342686672e-05,3.3819039547501256e-05,3.372298695508145e-05,3.361826109839044e-05,3.359710094920073e-05,3.358059806375676e-05,3.356871581351046e-05,3.3561419183689014e-05,3.3558674666210715e-05,3.356045016762097e-05,3.356671492895558e-05,3.357743945521635e-05,3.359259545269348e-05,3.361215577276706e-05,3.363609436111221e-05,3.3664386211451215e-05,3.36970073231625e-05,3.373393466218447e-05,3.377514612475229e-05,3.3820620503585e-05,3.3870337456203354e-05,3.392427747510972e-05,3.398242185960279e-05,3.404475268903434e-05,3.411125279734245e-05,3.418190574871983e-05,3.425669581429505e-05,3.433560794972099e-05,3.4418627773579006e-05,3.450574154651904e-05,3.459693615106569e-05,3.4692199072029734e-05,3.479151837747142e-05,3.489488270016849e-05,3.500228121954771e-05,3.511370364404328e-05,3.522914019384976e-05,3.534858158404123e-05,3.5472019008030944e-05,3.5599444121349224e-05,3.573084902571966e-05,3.586622625341553e-05,3.6005568751880754e-05,3.6148869868601175e-05,3.629612333621352e-05,3.644732325784069e-05,3.660246409264312e-05,3.6761540641577374e-05,3.6924548033353616e-05,3.709148171058455e-05,3.726233741611944e-05,3.7437111179557234e-05,3.761579930393316e-05,3.779839835257421e-05,3.798490513611913e-05,3.8175316699698746e-05,3.8369630310273266e-05,3.85678434441231e-05,3.876995377449019e-05,3.897595915936755e-05,3.9185857629433926e-05,3.939964737613155e-05,3.961732673988547e-05,3.983889419846133e-05,4.0064348355461225e-05,4.029368792895483e-05,4.052691174024512e-05,4.076401870276691e-05,4.1005007811116884e-05,4.124987813021406e-05,4.14986287845897e-05,4.175125894780507e-05,4.200776783199674e-05,4.226815467754791e-05,4.253241874288524e-05,4.280055929440011e-05,4.307257559649373e-05,4.334846690174519e-05,4.3628232441201564e-05,4.391187141478981e-05,4.419938298184929e-05,4.449076625178468e-05,4.4786020274838274e-05,4.5085144032981295e-05,4.538813643092368e-05,4.569499628724145e-05,4.600572232562142e-05,4.632031316622253e-05,4.663876731715319e-05,4.69610831660645e-05,4.7287258971858155e-05,4.761729285650912e-05,4.7951182797002275e-05,4.8288926617382626e-05,4.863052198091847e-05,4.897596638237724e-05,4.9325257140413284e-05,4.967839139006724e-05,5.00353660753766e-05,5.0396177942096845e-05,5.076082353053272e-05,5.112929916847919e-05,5.150160096427172e-05,5.1877724799945246e-05,5.2257666324501385e-05,5.2641420947283615e-05,5.3028983831459755e-05,5.342034988761151e-05,5.3815513767430304e-05,5.421446985751922e-05,5.461721227330069e-05,5.502373485302907e-05,5.543403115190797e-05,5.584809443631202e-05,5.626591767811205e-05,5.668749354910399e-05,5.711281441554057e-05,5.754187233276532e-05,5.7974659039948744e-05,5.8411165954926125e-05,5.885138416913634e-05,5.9295304442661586e-05,5.974291719936698e-05,6.0194212522140545e-05,6.0649180148232156e-05,6.110780946469159e-05,6.157008950390522e-05,6.20360089392306e-05,6.250555608072888e-05,6.297871887099437e-05,6.345548488108101e-05,6.393584130652511e-05,6.441977496346387e-05,6.490727228485e-05,6.53983193167607e-05,6.589290171480189e-05,6.639100474060631e-05,6.689261325842552e-05,6.739771173181548e-05,6.790628422041497e-05,6.841831437681634e-05,6.893378544352878e-05,6.94526802500331e-05,6.997498120992764e-05,7.050067031816544e-05,7.102972914838148e-05,7.156213885031019e-05,7.209788014729234e-05,7.263693333387162e-05,7.317927827347939e-05,7.372489439620819e-05,7.427376069667327e-05,7.482585573196134e-05,7.53811576196668e-05,7.593964403601459e-05,7.65012922140692e-05,7.706607894203003e-05,7.763398056161179e-05,7.820497296651034e-05,7.877903160095297e-05,7.93561314583334e-05,7.993624707993015e-05,8.051935255370898e-05,8.110542151320783e-05,8.169442713650503e-05,8.228634214526942e-05,8.288113880389264e-05,8.347878891870272e-05,8.4079263837259e-05,8.468253444772757e-05,8.528857117833713e-05,8.58973439969149e-05,8.650882241050193e-05,8.712297546504763e-05,8.773977174518301e-05,8.83591793740724e-05,8.898116601334334e-05,8.960569886309319e-05,9.023274466197478e-05,9.086226968735651e-05,9.149423975556116e-05,9.212862022217928e-05,9.276537598245894e-05,9.340447147177058e-05,9.404587066614714e-05,9.468953708289801e-05,9.533543378129819e-05,9.598352336335037e-05,9.663376797462081e-05,9.728612930514868e-05,9.794056859042705e-05,9.859704661245747e-05,9.925552370087541e-05,9.991595973414828e-05,0.00010057831414084344,0.00010124254590096853,0.00010190861354738091,0.00010257647516726829,0.00010324608840369838,0.00010391741045723821,0.00010459039808764277,0.00010526500761561178,0.000105941194924615,0.00010661891546278593,0.00010729812424488207,0.00010797877585431369,0.00010866082444523846,0.00010934199925436303,0.00011001231791351453,0.00011067141670767212,0.00011132028406117623,0.00011195992188014777,0.00011259134495258593,0.00011321558040448636,0.00011383366721170724,0.0001144466557673093,0.00011505560750409789,0.00011566159457209612,0.00011626569957067754,0.00011686901533508912,0.00011747264477709572,0.00011807770077947636,0.00011868530614410636,0.00011929659359335766,0.00011991270582455134,0.00012053479561719734,0.0001211640259927569,0.00012180157042666377,0.00012244861311234168,0.00012310634927695507,0.00012377598554863336,0.0001244587403749061,0.00012515584449209046,0.0001258685414453719,0.00012659808815931918,0.0001273457555585761,0.00012811282923847478,0.0001289006101853117,0.00012971041554603362,0.0001305435794470783,0.00013140145386211525,0.00013228540952843503,0.00013319683691173428,0.00013413714721904383,0.00013510777345955284,0.00013611017155307385,0.00013714582148590431,0.0001382162285138335,0.00013932292441204864,0.00014046746877169097,0.0001416514503428201,0.00014287648842353583,0.00014414423429501763,0.00014545638536728726,0.00014681471229444163,0.00014822101596261765,0.00014967712595919354,0.00015118490272151064,0.0001527462396648777,0.00015436306529237483,0.00015603734528867887,0.00015777108459985443,0.00015956632950078891,0.0001614251696516946,0.0001633497401448611,0.0001653422235426064,0.0001674048519071484,0.00016953990882290625,0.00017174973141152668,0.0001740367070749441,0.0001764032418694714,0.00017885175121745784,0.0001813846621188372,0.00018400441500864709,0.00018671346526300445,0.00018951428435386028,0.00019240936065077828,0.00019540119986595562,8.055253593879443e-42
abateCostTech_1,7.557562731037547e-05,0.00041824837270682067,0.0005239534209402213,0.0006867849236586068,0.0008518305763542446,0.0010154880796614404,0.0011756376085416407,0.0013302503999709089,0.001477307306497608,0.0016148582504186175,0.0017410863319003,0.001854352709472833,0.0019638166901845082,0.0020802283346486416,0.0022006421027967737,0.002322131505918595,0.0024417483799143093,0.00255648702406265,0.0026632752180889736,0.0027589840997892744,0.0028404526041104104,0.002904524045835554,0.0029480934455376087,0.0029681647864022763,0.0029621198716373452,0.0029462555752852956,0.0029321477787760176,0.0029196471219205032,0.0029085588689149277,0.002898721215504506,0.0028899983448721247,0.0028822752116743127,0.002875453564391579,0.002869448870463616,0.0028641879099128215,0.002859606870986274,0.00285564982766226,0.002852267511045168,0.00284941630938256,0.0028470574476991595,0.002845156309841111,0.0028436818743903065,0.00284260624234678,0.002841904239310692,0.0028415530785599937,0.0028415320742236514,0.002841822395913931,0.0028424068578644136,0.0028432697369395925,0.0028443966149232715,0.0028457742413205323,0.0028473904135698103,0.002849233872094056,0.002851294208050727,0.0028535617819907696,0.0028560276519232295,0.002858683509517563,0.002861521623369967,0.0028645347884211627,0.002867716280747158,0.0028710598170566507,0.002874559518322767,0.002878209877056132,0.002882005727793195,0.0028859422204305487,0.0028900147960843423,0.002894219165195124,0.002898551287633764,0.0029030073545944692,0.002907583772086984,0.0029122771458626375,0.0029170842676284063,0.0029220021024200927,0.0029270277770204623,0.0029321585693210164,0.0029373918985373007,0.0029427253161974903,0.0029481564978326154,0.002953683235304372,0.00295930342971314,0.002965015084834782,0.0029708163010399333,0.002976705269654211,0.0029826802677217915,0.0029887396531385543,0.0029948818601241178,0.0030011053950051284,0.003007408832284656,0.0030137908109749132,0.003020250031172591,0.0030267852508579613,0.003033395282900584,0.0030400789922559526,0.0030468352933387807,0.0030536631475598613,0.0030605615610145385,0.00306752958231182,0.003074566300534092,0.003081670843318208,0.003088842375049458,0.0030960800951606348,0.0031033832365290077,0.0031107510639645885,0.0031181828727835817,0.003125677987461379,0.0031332357603598973,0.0031408555705244464,0.003148536822545647,0.003156278945482301,0.0031640813918413597,0.0031719436366114337,0.003179865176346588,0.0031878455282972947,0.0031958842295857423,0.003203980836422831,0.003212134923364377,0.00322034608260424,0.003228613923302218,0.003236938070944702,0.0032453181667362273,0.0032537538670201855,0.0032622448427270284,0.0032707907788484805,0.0032793913739362864,0.003288046339624193,0.003296755400171876,0.0033055182920296512,0.0033143347634228696,0.0033232045739549484,0.0033321274942280607,0.0033411033054805903,0.003350131799240454,0.003359212776993529,0.003368346049866371,0.0033775314383225476,0.0033867687718718937,0.003396057888792039,0.003405398635861632,0.003414790868104678,0.0034242344485454477,0.003433729247973472,0.003443275144718131,0.0034528720244323824,0.003462519779885212,0.0034722183107624015,0.003481967523475223,0.003491767330976701,0.0035016176525851017,0.0035115184138143356,0.0035214695462109295,0.0035314709871973257,0.00354152267992118,0.00355162457311044,0.003561776620933928,0.003571978782867182,0.0035822310235633795,0.0035925333127290555,0.003602885625004482,0.003613287939848466,0.0036237402414274053,0.0036342425185084187,0.0036447947643564,0.0036553969766347913,0.003666049157309994,0.003676751312559201,0.003687503452681568,0.00369830559201256,0.0037091577488413655,0.0037200599453312386,0.0037310122074426825,0.0037420145648593534,0.0037530670509165506,0.003764169702532257,0.003775322560140589,0.0037865256676275503,0.0037977790722690656,0.003809082824671152,0.003820436978712172,0.0038318415914871,0.0038432967232537142,0.0038548024373806443,0.003866358800297225,0.0038779658814450876,0.0038896237532314,0.003901332490983728,0.003913092172906478,0.003924902880038792,0.00393676469621394,0.00394867770802009,0.003960642004762429,0.003972657678426607,0.003984724823643434,0.003996843537654801,0.004009013920280789,0.004021236073887915,0.004033510103358476,0.004045836116060995,0.004058214221821656,0.004070644532896791,0.004083127163946291,0.004095662232008009,0.004108249856473011,0.004120890159061785,0.004133583263801237,0.004146329297002563,0.004159128387239902,0.0041719806653297805,0.004184886264311312,0.004197845319427126,0.004210857968105016,0.004223924349940284,0.004237044606678741,0.00425021888220038,0.004263447322503667,0.004276730075690456,0.004290067291951518,0.004303459123552608,0.004316905724821153,0.0043304072521334475,0.004343963863902417,0.0043575757205658715,0.004371242984575293,0.004384965820385103,0.004398744394442413,0.004412578875177245,0.004426469432993208,0.0044404162402586185,0.004454419471298054,0.004468479302384325,0.004482598163172134,0.004496786297217963,0.0045110442202410195,0.0045253710823104235,0.004539766022212499,0.004554228167282925,0.0045687566332396614,0.004583350524016634,0.004598008931598182,0.004612730935854206,0.004627515604376061,0.004642361992313148,0.004657269142210202,0.004672236083845265,0.00468726183406834,0.004702345396640718,0.004717485762074964,0.004732681907475575,0.0047479327963802715,0.004763237378601964,0.00477859459007136,0.00479400335268021,0.0048094625741252105,0.004824971147752555,0.004840527952403128,0.004856131852258345,0.004871781696686656,0.004887476320090698,0.004903214541755095,0.004918995165694955,0.004934816980504994,0.004950678759209373,0.0049665792591122,0.004982517221648723,0.004998491372237229,0.005014500420131642,0.0050305430582748495,0.005046617963152756,0.005062723794649059,0.005078859195900805,0.005095022793154684,0.005111213195624116,0.005127428995347109,0.005143668767044962,0.005159931067981722,0.005176214437824545,0.005192517850623296,0.00520884160828748,0.005225185723407899,0.005241549812851941,0.005257933123108074,0.0052743345536942566,0.0052907526787812735,0.005307185767169782,0.005323631800748287,0.005340088491549121,0.005356553297509992,0.005373023437040083,0.00538949590248176,0.005405967472551839,0.0054224347238396396,0.0054388940414330485,0.005455341463708731,0.005471771657116601,0.005488177644408523,0.005504550907655944,0.005520881483375569,0.005537158050291457,0.005553368010209419,0.005569497562433031,0.005585531772109443,1.9977341591374056e-43
pBackTime_0,0.2,0.19900249583853646,0.19800996674983362,0.19702238792061255,0.19603973466135105,0.19506198240566652,0.19408910670970164,0.1931210832515133,0.19215788783046464,0.19119949636662,0.19024588490014283,0.18929702959069677,0.18835290671684976,0.1874134926754807,0.18647876398118968,0.18554869726571058,0.18462326927732717,0.1837024568802915,0.18278623705424565,0.1818745868936463,0.18096748360719192,0.18006490451725313,0.17916682705930564,0.17827322878136628,0.1773840873434315,0.1764993805169191,0.17561908618411226,0.17474318233760688,0.1738716470797612,0.17300445862214828,0.17214159528501158,0.17128303549672272,0.1704287577932423,0.16957874081758317,0.16873296331927676,0.1678914041538415,0.1670540422822544,0.16622085677042514,0.16539182678867248,0.1645669316112037,0.1637461506155964,0.16292946328228292,0.16211684919403743,0.16130828803546537,0.16050375959249572,0.15970324375187542,0.15890672050066681,0.15811416992574712,0.1573255722133107,0.15654090764837364,0.155760156614281,0.1549832995922162,0.15421031716071326,0.15344118999517115,0.15267589886737065,0.15191442464499372,0.15115674829114512,0.15040285086387653,0.14965271351571305,0.1489063174931819,0.1481636441363436,0.14742467487832556,0.14668939124485786,0.14595777485381137,0.1452298074147382,0.14450547072841444,0.14378474668638525,0.14306761727051198,0.14235406455252195,0.14164407069356,0.14093761794374268,0.14023468864171448,0.1395352652142062,0.13883933017559577,0.13814686612747093,0.13745785575819444,0.13677228184247117,0.13609012724091754,0.13541137489963292,0.13473600784977355,0.13406400920712788,0.13339536217169487,0.13273005002726387,0.13206805614099656,0.13140936396301137,0.13075395702596945,0.1301018189446633,0.12945293341560693,0.1288072842166283,0.12816485520646376,0.12752563032435468,0.12688959358964566,0.1262567291013852,0.12562702103792817,0.12500045365654017,0.124377011293004,0.12375667836122817,0.12313943935285704,0.12252527883688323,0.12191418145926186,0.1213061319425267,0.12070111508540811,0.12009911576245319,0.1195001189236475,0.11890410959403888,0.11831107287336302,0.11772099393567104,0.11713385802895876,0.11654965047479793,0.11596835666796929,0.11538996207609734,0.1148144522392872,0.11424181276976297,0.1136720293515081,0.11310508773990742,0.11254097376139115,0.11197967331308041,0.11142117236243479,0.11086545694690142,0.11031251317356597,0.1097623272188053,0.10921488532794188,0.10867017381489996,0.10812817906186332,0.1075888875189349,0.10705228570379806,0.10651836020137945,0.10598709766351372,0.10545848480860971,0.10493250842131858,0.10440915535220321,0.10388841251740964,0.10337026689833984,0.10285470554132639,0.10234171555730849,0.10183128412150984,0.10132339847311791,0.10081804591496511,0.1003152138132111,0.0998148895970272,0.0993170607582819,0.09882171485122834,0.09832883949219302,0.09783842235926632,0.09735045119199434,0.0968649137910725,0.09638179801804049,0.09590109179497883,0.09542278310420688,0.09494685998798248,0.09447331054820295,0.0940021229461076,0.09353328540198186,0.0930667861948627,0.09260261366224562,0.09214075619979317,0.0916812022610447,0.09122394035712784,0.09076895905647117,0.09031624698451846,0.08986579282344431,0.08941758531187129,0.08897161324458823,0.08852786547227022,0.08808633090119986,0.08764699849298985,0.08720985726430712,0.08677489628659818,0.08634210468581595,0.08591147164214784,0.08548298638974534,0.08505663821645483,0.08463241646354977,0.08421031052546424,0.0837903098495278,0.08337240393570168,0.08295658233631628,0.08254283465580994,0.0821311505504691,0.0817215197281697,0.08131393194811982,0.08090837702060377,0.0805048448067272,0.08010332521816377,0.07970380821690283,0.07930628381499857,0.07891074207432022,0.07851717310630368,0.07812556707170422,0.0777359141803506,0.07734820469090024,0.07696242891059571,0.07657857719502242,0.07619663994786746,0.07581660762067977,0.07543847071263139,0.07506221977027992,0.07468784538733218,0.07431533820440915,0.0739446889088118,0.07357588823428847,0.07320892696080307,0.07284379591430466,0.07248048596649806,0.07211898803461567,0.07175929308119032,0.07140139211382948,0.0710452761849903,0.07069093639175604,0.07033836387561339,0.06998754982223107,0.06963848546123952,0.06929116206601148,0.06894557095344404,0.06860170348374132,0.06825955106019875,0.06791910512898783,0.0675803571789426,0.06724329874134667,0.06690792138972153,0.06657421673961592,0.0662421764483962,0.06591179221503782,0.06558305577991771,0.06525595892460789,0.06493049347166995,0.06460665128445058,0.06428442426687828,0.06396380436326077,0.06364478355808383,0.06332735387581064,0.06301150738068266,0.06269723617652107,0.06238453240652935,0.06207338825309701,0.06176379593760398,0.06145574772022625,0.06114923589974235,0.06084425281334082,0.060540790836428576,0.06023884238244043,0.059938399902649264,0.05963945588597748,0.059342002858809056,0.05904603338480285,0.05875154006470656,0.05845851553617189,0.058166952473570316,0.057876843587810124,0.05758818162615405,0.057300959372038024,0.05701516964489071,0.056730805299954085,0.05644785922810466,0.05616632435567596,0.05588619364428146,0.05560746009063883,0.055330116726394686,0.05505415661795047,0.05477957286628912,0.05450635860680252,0.054234507009119984,0.05396401127693737,0.05369486464784732,0.05342706039317007,0.05316059181778532,0.052895452259964795,0.05263163509120575,0.0523691337160652,0.05210794157199512,0.051848052129178306,0.05158945889036514,0.051332155390711176,0.05107613519761554,0.05082139191056006,0.0505679191609493,0.050315710611951295,0.05006475995833923,0.049815060926333636,0.04956660727344575,0.04931939278832129,0.04907341129058527,0.048828656630687424,0.04858512268974849,0.048342803379407294,0.04810169264166843,0.047861784448750916,0.047623072802937406,0.04738555173642436,0.04714921531117271,0.04691405761875953,0.046680072780230265,0.04644725494595177,0.04621559829546604,0.04598509703734477,0.045755745409044486,0.04552753767676255,0.04530046813529375,0.04507453110788775,0.04484972094610706,0.044626032029685965
pBackTime_1,0.035481,0.011247373674214658,0.007565299383907543,0.006595923111374424,0.0060286689213693775,0.005634970078787068,0.0053380946671567385,0.005102790673288223,0.004909962749858366,0.004748128656083941,0.00460986144751555,0.004490090254810876,0.004385205492595127,0.004292181534830168,0.004208501745832155,0.00413245114901191,0.004062813907598144,0.003998698418332594,0.003939431775637143,0.003884493565079038,0.0038334729962109675,0.0037860404171250832,0.003741927978978273,0.0037009162892821207,0.0036628250908955803,0.0036275049794465813,0.0035946824978523102,0.003564039137164402,0.0035353121620056997,0.003508282901457069,0.0034827674939005857,0.003458609929604947,0.0034356767408501403,0.003413852893960963,0.003393038571897407,0.0033731466260610485,0.003354100537471177,0.003335832770207924,0.0033182834302011794,0.0033013991640650437,0.003285132248372876,0.0032694398313019906,0.0032542832971496293,0.00323962773066078,0.0032254414629923093,0.0032116956848763792,0.0031983641154323663,0.0031854227173228004,0.0031728494507102163,0.003160624059862874,0.003148727887363194,0.003137143711757582,0.0031258556051984654,0.003114848808205808,0.0031041096191444808,0.0030936252963976113,0.003083383971531404,0.003073374572007404,0.003063586752214194,0.0030540108317704353,0.00304463774020167,0.003035458967219594,0.003026466517939001,0.0030176528724575814,0.0030090109493001484,0.0030005340722938896,0.00299221594049675,0.0029840506008486072,0.0029760324232557733,0.0029681560778544967,0.002960416514229588,0.002952808942390564,0.002945328815330579,0.0029379718130133005,0.002930733827650202,0.0029236109501459425,0.0029165994576027727,0.0029096958017865698,0.002902896598467378,0.0028961986175563667,0.0028895987739691316,0.002883094119152308,0.002876681833216762,0.002870359217626178,0.002864123688394827,0.0028579727697526946,0.002851904088240118,0.0028459153671975723,0.0028400044216194227,0.0028341691533432726,0.0028284075465490875,0.0028227176635445463,0.002817097640815139,0.0028115456853193724,0.002806060071011126,0.0028006391355727142,0.0027952812773435654,0.0027899849524306974,0.0027847486719882616,0.0027795709996544737,0.0027744505491351695,0.0027693859819240725,0.0027643760051506306,0.002759419369546981,0.0027545148675262475,0.002749661331364964,0.0027448576314829487,0.002740102674814445,0.002735395403264815,0.0027307347922474537,0.0027261198492959985,0.002721549612747252,0.0027170231504905448,0.00271253955877958,0.0027080979611030626,0.002703697507110669,0.0026993373715911463,0.00269501675349955,0.002690734875030817,0.0026864909807370672,0.002682284336686176,0.0026781142296593533,0.0026739799663855657,0.0026698808728108114,0.0026658162934003657,0.002661785590472231,0.0026577881435601385,0.0026538233488045556,0.0026498906183702333,0.0026459893798889203,0.0026421190759259652,0.002638279163469584,0.0026344691134416558,0.002630688410228969,0.0026269365512339043,0.0026232130464436025,0.0026195174180167102,0.0026158491998868557,0.002612207937382054,0.0026085931868592743,0.0026050045153534684,0.002601441500240362,0.0025979037289123844,0.0025943907984671212,0.002590902315407721,0.002587437895354707,0.0025839971627686794,0.0025805797506834247,0.002577185300448965,0.0025738134614841034,0.002570463891038065,0.00256713625396081,0.0025638302224816733,0.0025605454759959553,0.002557281700859124,0.002554038590188318,0.002550815843670832,0.002547613167379297,0.002544430273593278,0.0025412668806270274,0.0025381227126631293,0.0025349974995918186,0.0025318909768557167,0.002528802885299794,0.0025257329710263285,0.0025226809852546763,0.002519646684185662,0.0025166298288704027,0.002513630185083399,0.002510647523199725,0.002507681618076166,0.002504732248936143,0.002501799199258288,0.002498882256668533,0.0024959812128355755,0.0024930958633696014,0.00249022600772414,0.002487371449100935,0.0024845319943577315,0.0024817074539188566,0.002478897641688507,0.0024761023749666393,0.002473321474367374,0.0024705547637398164,0.0024678020700912183,0.0024650632235123987,0.0024623380571053297,0.002459626406912835,0.0024569281118503074,0.0024542430136393917,0.002451570956743557,0.002448911788305493,0.0024462653580862815,0.0024436315184062653,0.0024410101240875744,0.002438401032398241,0.0024358041029978626,0.002433219197884756,0.00243064618134455,0.002428084919900181,0.002425535282263235,0.0024229971392865993,0.0024204703639183816,0.0024179548311570533,0.002415450418007778,0.0024129570034398936,0.0024104744683455053,0.0024080026954991602,0.0024055415695185623,0.0024030909768263074,0.002400650805612596,0.002398220945798897,0.002395801289002542,0.0023933917285022055,0.0023909921592042594,0.002388602477609971,0.0023862225817835128,0.0023838523713207702,0.0023814917473189176,0.0023791406123467402,0.0023767988704156847,0.00237446642695161,0.002372143188767223,0.0023698290640351816,0.002367523962261839,0.0023652277942616154,0.002362940472131981,0.0023606619092290276,0.0023583920201436168,0.0023561307206780876,0.002353877926973083,0.0023516335525841335,0.002349397512214486,0.002347169722201155,0.0023449501004828887,0.00234273856656892,0.002340535041508484,0.0023383394478610777,0.002336151709667438,0.0023339717524212254,0.0023317995030413823,0.002329634889845155,0.002327477842521755,0.0023253282921066477,0.002323186170956439,0.002321051412724361,0.002318923952336322,0.002316803725967516,0.002314690671019574,0.00231258472609824,0.0023104858309915613,0.0023083939266485723,0.0023063089551584688,0.002304230859730251,0.002302159584672822,0.002300095075375542,0.0022980372782892083,0.002295986140907465,0.002293941611748622,0.0022919036403378805,0.0022898721771899425,0.00228784717379201,0.0022858285825871497,0.002283816356958026,0.002281810451210982,0.0022798108205604665,0.0022778174211138,0.0022758302098562643,0.002273849144636514,0.0022718741841522986,0.002269905287936491,0.00226794241634341,0.002265985530535434,0.0022640345924698976,0.002262089564886265,0.002260150411293573,0.0022582170957903924,0.002256289582561711,0.0022543678359867665,0.0022524518207816847,0.0022505415021276936,0.002248636845786132,0.002246737818201427,0.002244844386593043,0.002242956519037386,0.002241074184540518,0.0022391973531024896,0.002237325995774026,0.0022354600847062233,0.0022335995931938996,0.002231744495713132,0.0022298947679535237,0.0022280503869012667,0.0022262113312623063,0.0022243775819606967,0.0022225491225848232,0.0022207259397860005,0.0022189080236336475,0.0022170953679308643,0.0022152879704940044,0.0022134858333995207
mcAbate,0.0018863758981018431,0.0015960216101281583,0.0022807345602767135,0.002638483838762623,0.002775609403257016,0.0027821470738440554,0.002730066336611475,0.0026722695454976034,0.002642326929024071,0.0026549223123327067,0.0027069849612484003,0.0027794834439997048,0.0028516418129747485,0.0029238480197808633,0.0029939730400984545,0.003060246686472929,0.003121220368072437,0.003175687238631416,0.0032226048788365057,0.0032610204650261043,0.003289998376771003,0.003308550196591385,0.003315567055744833,0.0033097542806911824,0.0032897371684177394,0.0032694043467712975,0.0032532280069234,0.0032373540232624645,0.0032217775386544347,0.0032064937537428662,0.003191497926381163,0.0031767853710697284,0.0031623514583980134,0.0031481916144914103,0.0031343013204629556,0.0031206761118698044,0.0031073115781744456,0.0030942033622106016,0.003081347159653795,0.003068738718496532,0.003056373838528076,0.003044248370818762,0.0030323582172088245,0.0030206993298017046,0.0030092677104617918,0.002998059410316567,0.0029870705292631265,0.002976297215479025,0.0029657356649374243,0.0029553821209265065,0.0029452328735731143,0.002935284259370589,0.002925532660710774,0.002915974505420138,0.002906606266300002,0.0028974244606708266,0.002888425649920527,0.002879606439056788,0.00287096347626334,0.0028624934524601763,0.002854193100867658,0.0028460591965745047,0.0028380885561096122,0.0028302780370176805,0.0028226245374386194,0.002815124995690702,0.002807776389857431,0.0028005757373780887,0.002793520094641949,0.00278660655658611,0.0027798322562969254,0.002773194364615004,0.002766690089743742,0.0027603166768613773,0.002754071407736511,0.0027479516003470887,0.002741954608502808,0.002736077821470917,0.002730318663605387,0.0027246745939794267,0.0027191431060212996,0.002713721727153451,0.0027084080184348737,0.002703199574206714,0.0026980940217410957,0.0026930890208931024,0.0026881822637559445,0.0026833714743192253,0.0026786544081303302,0.0026740288519588886,0.002669492623464287,0.0026650435708662074,0.0026606795726181755,0.0026563985370840824,0.0026521984022176573,0.002648077135244877,0.002644032732349271,0.002640063218360116,0.0026361666464434826,0.002632341097796121,0.0026285846813421474,0.0026248955334325316,0.002621271817547334,0.0026177117240006953,0.0026142134696485395,0.0026107752975989707,0.002607395476925352,0.0026040723023820268,0.002600804094122675,0.002597589197421276,0.0025944259823956536,0.0025913128437335953,0.0025882482004215036,0.0025852304954755764,0.0025822581956754863,0.0025793297913005403,0.002576443795868298,0.002573598745875632,0.0025707932005422035,0.0025680257415563383,0.0025652949728232795,0.002562599520215802,0.002559938031327162,0.0025573091752263675,0.0025547116422157496,0.002552144143590812,0.002549605411402345,0.0025470941982207763,0.002544609276902752,0.0025421494403599196,0.002539713501329895,0.0025373002921494007,0.0025349086645295514,0.002532537489333275,0.00253018565635484,0.0025278520741014872,0.0025255356695771305,0.0025232353880681275,0.002520950192931084,0.002518679065382694,0.0025164210042915754,0.002514175025972111,0.002511940163980256,0.0025097154689113044,0.002507500008199598,0.0025052928659201608,0.00250309314259224,0.0025008999549847415,0.002498712435923536,0.0024965297341006353,0.002494351013885202,0.0024921754551363944,0.0024900022530180226,0.0024878306178150026,0.00248565977475159,0.0024834889638113834,0.002481317439559078,0.002479144470963958,0.0024769693412251058,0.0024747913475983234,0.0024726098012247443,0.002470424026961125,0.002468233363211793,0.0024660371617622532,0.0024638347876144253,0.002461625618823499,0.0024594090463363988,0.002457184473831845,0.0024549513175619883,0.00245270900619561,0.002450456980662882,0.002448194694001654,0.002445921611205278,0.0024436372090719323,0.002441340976055455,0.002439032412117658,0.0024367110285821165,0.002434376347989415,0.0024320279039538447,0.0024296652410215366,0.00242728791453001,0.0024248954904691417,0.0024224875453435196,0.0024200636660361963,0.002417623449673807,0.002415166503493048,0.002412692444708509,0.0024102009003818432,0.002407691507292259,0.0024051639118083308,0.0024026177697611083,0.0024000527463185197,0.0023974685158610555,0.002394864761858716,0.0023922411767492236,0.0023895974618174786,0.002386933327076243,0.002384248491148063,0.0023815426811483954,0.002378815632569933,0.00237606708916814,0.0023732968028479452,0.002370504533551628,0.0023676900491478516,0.0023648531253218524,0.002361993545466765,0.002359111100576089,0.002356205589137257,0.0023532768170263334,0.002350324597403797,0.002347348750611421,0.0023443491040702385,0.0023413254921795653,0.0023382777562171004,0.002335205744240064,0.00233210931098739,0.0023289883177829386,0.002325842632439751,0.002322672129165297,0.002319476688467744,0.00231625619706322,0.002313010547784055,0.0023097396394880136,0.002306443376968488,0.002303121670865656,0.00229977443757859,0.002296401599178311,0.0022930030833217766,0.0022895788231667943,0.0022861055027570136,0.002282480537016654,0.0022787035080040893,0.0022747878464015295,0.002270746738028072,0.0022665931267978924,0.0022623397176493865,0.0022579989794455327,0.002253583147845704,0.0022491042281491914,0.0022445739981106806,0.0022400040107279197,0.0022354055970018214,0.0022307898686692485,0.0022261677209087023,0.0022215498350191655,0.0022169466810723257,0.0022123685205384124,0.002207825408885874,0.0022033271981551374,0.00219888353950665,0.002194503885743459,0.0021901974938085254,0.0021859734272570135,0.0021818405587037556,0.002177807572246128,0.0021738829658625412,0.002170075053786766,0.0021663919688582963,0.0021628416648489784,0.0021594319187660973,0.0021561703331321315,0.0021530643382413946,0.0021501211943937455,0.0021473479941055925,0.0021447516642983722,0.002142338968464712,0.0021401165088124814,0.0021380907283869034,0.002136267913170949,0.002134654194164188,0.0021332555494402937,0.00213207780618339,0.0021311266427034336,0.0021304075904308066,0.0021299260358903205,0.002129687222654797,0.0021296962532784225,0.0021299580912100525,0.002130477562686637,0.002131259358606959,0.0021323080363858473,0.0021336280217890526,0.0021352236107489444,0.0021370989711612183,0.0021392581446627737,0.0021417050483909243,0.0021444434767241257,0.0021474771030043816,0.0021508094812414777,0.002154444047799232,0.002158384123063906,0.0021626329130949432,0.0021671935112581985,0.0021720688998418053,0.0021717186447469295,0.0021695358280034234,0.0021673482733808665,0.0021651557966142496,0.0021629582175842544,0.0021607553605820355,4.462603202968597e-22
mcAbateTech_0,0.0018863758981018431,0.0015960216101281583,0.0022807345602767135,0.002638483838762623,0.002775609403257016,0.0027821470738440554,0.002730066336611475,0.0026722695454976034,0.002642326929024071,0.0026549223123327067,0.0027069849612484003,0.0027794834439997048,0.0028516418129747485,0.0029238480197808633,0.0029939730400984545,0.003060246686472929,0.003121220368072437,0.003175687238631416,0.0032226048788365057,0.0032610204650261043,0.003289998376771003,0.003308550196591385,0.003315567055744833,0.0033097542806911824,0.0032897371684177394,0.0032694043467712975,0.0032532280069234,0.0032373540232624645,0.0032217775386544347,0.0032064937537428662,0.003191497926381163,0.0031767853710697284,0.0031623514583980134,0.0031481916144914103,0.0031343013204629556,0.0031206761118698044,0.0031073115781744456,0.0030942033622106016,0.003081347159653795,0.003068738718496532,0.003056373838528076,0.003044248370818762,0.0030323582172088245,0.0030206993298017046,0.0030092677104617918,0.002998059410316567,0.0029870705292631265,0.002976297215479025,0.0029657356649374243,0.0029553821209265065,0.0029452328735731143,0.002935284259370589,0.002925532660710774,0.002915974505420138,0.002906606266300002,0.0028974244606708266,0.002888425649920527,0.002879606439056788,0.00287096347626334,0.0028624934524601763,0.002854193100867658,0.0028460591965745047,0.0028380885561096122,0.0028302780370176805,0.0028226245374386194,0.002815124995690702,0.002807776389857431,0.0028005757373780887,0.002793520094641949,0.00278660655658611,0.0027798322562969254,0.002773194364615004,0.002766690089743742,0.0027603166768613773,0.002754071407736511,0.0027479516003470887,0.002741954608502808,0.002736077821470917,0.002730318663605387,0.0027246745939794267,0.0027191431060212996,0.002713721727153451,0.0027084080184348737,0.002703199574206714,0.0026980940217410957,0.0026930890208931024,0.0026881822637559445,0.0026833714743192253,0.0026786544081303302,0.0026740288519588886,0.002669492623464287,0.0026650435708662074,0.0026606795726181755,0.0026563985370840824,0.0026521984022176573,0.002648077135244877,0.002644032732349271,0.002640063218360116,0.0026361666464434826,0.002632341097796121,0.0026285846813421474,0.0026248955334325316,0.002621271817547334,0.0026177117240006953,0.0026142134696485395,0.0026107752975989707,0.002607395476925352,0.0026040723023820268,0.002600804094122675,0.002597589197421276,0.0025944259823956536,0.0025913128437335953,0.0025882482004215036,0.0025852304954755764,0.0025822581956754863,0.0025793297913005403,0.002576443795868298,0.002573598745875632,0.0025707932005422035,0.0025680257415563383,0.0025652949728232795,0.002562599520215802,0.002559938031327162,0.0025573091752263675,0.0025547116422157496,0.002552144143590812,0.002549605411402345,0.0025470941982207763,0.002544609276902752,0.0025421494403599196,0.002539713501329895,0.0025373002921494007,0.0025349086645295514,0.002532537489333275,0.00253018565635484,0.0025278520741014872,0.0025255356695771305,0.0025232353880681275,0.002520950192931084,0.002518679065382694,0.0025164210042915754,0.002514175025972111,0.002511940163980256,0.0025097154689113044,0.002507500008199598,0.0025052928659201608,0.00250309314259224,0.0025008999549847415,0.002498712435923536,0.0024965297341006353,0.002494351013885202,0.0024921754551363944,0.0024900022530180226,0.0024878306178150026,0.00248565977475159,0.0024834889638113834,0.002481317439559078,0.002479144470963958,0.0024769693412251058,0.0024747913475983234,0.0024726098012247443,0.002470424026961125,0.002468233363211793,0.0024660371617622532,0.0024638347876144253,0.002461625618823499,0.0024594090463363988,0.002457184473831845,0.0024549513175619883,0.00245270900619561,0.002450456980662882,0.002448194694001654,0.002445921611205278,0.0024436372090719323,0.002441340976055455,0.002439032412117658,0.0024367110285821165,0.002434376347989415,0.0024320279039538447,0.0024296652410215366,0.00242728791453001,0.0024248954904691417,0.0024224875453435196,0.0024200636660361963,0.002417623449673807,0.002415166503493048,0.002412692444708509,0.0024102009003818432,0.002407691507292259,0.0024051639118083308,0.0024026177697611083,0.0024000527463185197,0.0023974685158610555,0.002394864761858716,0.0023922411767492236,0.0023895974618174786,0.002386933327076243,0.002384248491148063,0.0023815426811483954,0.002378815632569933,0.00237606708916814,0.0023732968028479452,0.002370504533551628,0.0023676900491478516,0.0023648531253218524,0.002361993545466765,0.002359111100576089,0.002356205589137257,0.0023532768170263334,0.002350324597403797,0.002347348750611421,0.0023443491040702385,0.0023413254921795653,0.0023382777562171004,0.002335205744240064,0.00233210931098739,0.0023289883177829386,0.002325842632439751,0.002322672129165297,0.002319476688467744,0.00231625619706322,0.002313010547784055,0.0023097396394880136,0.002306443376968488,0.002303121670865656,0.00229977443757859,0.002296401599178311,0.0022930030833217766,0.0022895788231667943,0.0022861055027570136,0.002282480537016654,0.0022787035080040893,0.0022747878464015295,0.002270746738028072,0.0022665931267978924,0.0022623397176493865,0.0022579989794455327,0.002253583147845704,0.0022491042281491914,0.0022445739981106806,0.0022400040107279197,0.0022354055970018214,0.0022307898686692485,0.0022261677209087023,0.0022215498350191655,0.0022169466810723257,0.0022123685205384124,0.002207825408885874,0.0022033271981551374,0.00219888353950665,0.002194503885743459,0.0021901974938085254,0.0021859734272570135,0.0021818405587037556,0.002177807572246128,0.0021738829658625412,0.002170075053786766,0.0021663919688582963,0.0021628416648489784,0.0021594319187660973,0.0021561703331321315,0.0021530643382413946,0.0021501211943937455,0.0021473479941055925,0.0021447516642983722,0.002142338968464712,0.0021401165088124814,0.0021380907283869034,0.002136267913170949,0.002134654194164188,0.0021332555494402937,0.00213207780618339,0.0021311266427034336,0.0021304075904308066,0.0021299260358903205,0.002129687222654797,0.0021296962532784225,0.0021299580912100525,0.002130477562686637,0.002131259358606959,0.0021323080363858473,0.0021336280217890526,0.0021352236107489444,0.0021370989711612183,0.0021392581446627737,0.0021417050483909243,0.0021444434767241257,0.0021474771030043816,0.0021508094812414777,0.002154444047799232,0.002158384123063906,0.0021626329130949432,0.0021671935112581985,0.0021720688998418053,0.00217726195165486,0.002182775431609047,0.002188611998283393,0.002194774205472277,0.0022012645037168665,0.0022080852418201154,4.462603202968597e-22
mcAbateTech_1,0.01781591533103476,0.006026727195720027,0.0042718011983505525,0.003919178704749268,0.0037612771272747493,0.003681512807381603,0.003640872554389524,0.0036213347311330577,0.0036130589435371635,0.003610100294630393,0.0036086281980139546,0.003606068413393897,0.003606781125751224,0.0036156001046798313,0.00362941237214996,0.003645723740548197,0.003662457925851971,0.0036778245088622814,0.0036902366289816887,0.003698257054910489,0.0037005612524105783,0.00369591104667619,0.0036831351035143223,0.0036611139057267524,0.0036288600041073757,0.0035939077494931302,0.0035613879339409862,0.003531024812126323,0.003502558146307968,0.0034757713485772264,0.0034504823125751536,0.0034265365214103108,0.003403801787665325,0.0033821641840376,0.0033615248561803526,0.0033417974984781456,0.0033229063344095235,0.0033047844854923497,0.0032873726427060956,0.0032706179757036,0.003254473230672965,0.003238895979136078,0.0032238479884624184,0.00320929469125532,0.003195204735605952,0.003181549601913666,0.0031683032748305346,0.0031554419611130825,0.003142943845909078,0.003130788881385212,0.0031189586026970145,0.003107435967178862,0.003096205213337383,0.003085251736802581,0.003074561980855725,0.0030641233395331488,0.003053924071617538,0.0030439532240862936,0.0030342005638005513,0.003024656516396658,0.0030153121114909988,0.0030061589334341708,0.0029971890769559854,0.0029883951071319097,0.0029797700231772436,0.002971307225639719,0.002963000486616212,0.0029548439226663474,0.0029468319701362778,0.0029389593626407183,0.002931221110481476,0.0029236124818067507,0.0029161289853381314,0.002908766354511907,0.0029015205328984774,0.002894387660778696,0.0028873640627691123,0.0028804462363996486,0.0028736308415574182,0.0028669146907193306,0.0028602947399040814,0.0028537680802811,0.002847331930380253,0.002840983628851616,0.0028347206277295296,0.0028285404861595346,0.002822440864550675,0.0028164195191191536,0.002810474296792451,0.0028046031304457975,0.002798804034445444,0.0027930751004753957,0.002787414493626331,0.0027818204487272675,0.0027762912669021776,0.0027708253123352716,0.0027654210092300066,0.0027600768389481273,0.0027547913373161394,0.0027495630920876344,0.0027443907405508296,0.0027392729672714765,0.0027342085019621066,0.0027291961174692445,0.0027242346278708667,0.0027193228866769733,0.002714459785126658,0.002709644250575558,0.0027048752449680136,0.00270015176338867,0.0026954728326886363,0.0026908375101816614,0.002686244882406103,0.0026816940639487626,0.002677184196326931,0.002672714446925224,0.0026682840079840426,0.0026638920956366845,0.0026595379489923305,0.0026552208292623344,0.0026509400189273736,0.002646694820943221,0.0026424845579829945,0.002638308571713915,0.002634166222106712,0.0026300568867759157,0.0026259799603494186,0.002621934853865752,0.002617920994197651,0.002613937823500527,0.002609984798684593,0.0026060613909094283,0.002602167085099858,0.002598301379482074,0.0025944637851390054,0.0025906538255839797,0.0025868710363517932,0.002583114964606342,0.0025793851687640193,0.0025756812181321254,0.002572002692561591,0.002568349182113328,0.002564720286737583,0.0025611156159656865,0.0025575347886136416,0.0025539774324969938,0.0025504431841564864,0.002546931688594018,0.0025434425990184337,0.0025399755766007228,0.0025365302902382145,0.002533106416327357,0.0025297036385447435,0.0025263216476360045,0.002522960141212231,0.00251961882355363,0.002516297405420086,0.0025129956038683504,0.0025097131420755833,0.002506449749168985,0.0025032051600612634,0.0024999791152917083,0.002496771360872636,0.002493581648141002,0.0024904097336149573,0.0024872553788551684,0.0024841183503307115,0.0024809984192893492,0.0024778953616320324,0.0024748089577914605,0.002471738992614546,0.002468685255248624,0.0024656475390312793,0.0024626256413836484,0.0024596193637070607,0.0024566285112829055,0.0024536528931755966,0.002450692322138524,0.0024477466145228837,0.0024448155901892824,0.0024418990724220098,0.002438996887845896,0.0024361088663456456,0.0024332348409875732,0.0024303746479436474,0.0024275281264177734,0.002424695118574217,0.002421875469468117,0.002419069026978,0.0024162756417402315,0.0024134951670853437,0.002410727458976165,0.002407972375947703,0.002405229779048713,0.002402499531784898,0.002399781500063684,0.002397075552140533,0.0023943815585667177,0.00239169939213853,0.002389028927847873,0.002386370042834185,0.0023837226163376593,0.002381086529653718,0.0023784616660886947,0.002375847910916692,0.0023732451513375783,0.002370653276436085,0.002368072177141971,0.002365501746191216,0.0023629418780882275,0.002360392469069008,0.002357853417065267,0.002355324621669452,0.0023528059841006563,0.002350297407171389,0.002347798795255182,0.002345310054254998,0.002342831091572429,0.002340361816077653,0.0023379021380801274,0.0023354519693000067,0.002333011222840248,0.002330579813159397,0.002328157656045032,0.002325744668587842,0.0023233407691563264,0.002320945877372099,0.00231855991408577,0.0023161828013534046,0.0023138148928550477,0.002311458022887359,0.0023091121477759667,0.0023067769659745794,0.0023044521784071686,0.002302137488427888,0.002299832601781942,0.002297537226567382,0.0022952510731977993,0.0022929738543658856,0.0022907052850078425,0.00228844508226861,0.002286192965467888,0.002283948656066933,0.0022817118776361075,0.0022794823558231485,0.002277259818322152,0.0022750439948432434,0.002272834617082907,0.0022706314186949745,0.0022684341352622334,0.002266242504268654,0.0022640562650722063,0.0022618751588782547,0.002259698928713519,0.0022575273194005725,0.0022553600775328786,0.002253196951450337,0.0022510376912153363,0.0022488820485892886,0.002246729777009644,0.00224458063156736,0.002242434368984827,0.002240290747594219,0.0022381495273162836,0.002236010469639529,0.0022338733375998256,0.0022317378957603896,0.0022296039101921527,0.0022274711484544987,0.0022253393795763636,0.002223208374037682,0.00222107790375118,0.002218947742044495,0.0022168176636426264,0.002214687444650692,0.0022125568625370024,0.0022104256959522297,0.002208293724232525,0.0022061607275008937,0.002204026486802612,0.0022018907842264878,0.0021997534030131502,0.0021976141276515287,0.002195472743964493,0.0021933290391846234,0.002191182802020943,0.002189033822717405,0.0021868818931038508,0.0021847268066400825,0.002182568358453678,0.002180406345372067,0.002178240565949399,0.0021760708205429582,0.00217389691172157,0.0021717186447469295,0.0021695358280034234,0.0021673482733808665,0.0021651557966142496,0.0021629582175842544,0.0021607553605820355,0.0011067429166997603
miu,0.013682905731864356,0.07968845887865744,0.14083279557863151,0.201755772391548,0.26195527949435676,0.3209292070640077,0.3781754452774507,0.4331918843116356,0.48547641434351235,0.5345269255500308,0.5798413081081408,0.6209174521947922,0.6601169047837976,0.7003387918344904,0.7408555246149565,0.7809294181215072,0.8198227873504538,0.8567979472981077,0.8911172129607804,0.9220428993347831,0.9488373214164275,0.9707627942020249,0.9870816326878864,0.997056151870324,1.0,1.0,1.0,1.0,1.0,1.0,1.0,1.0,1.0,1.0,1.0,1.0,1.0,1.0,1.0,1.0,1.0,1.0,1.0,1.0,1.0,1.0,1.0,1.0,1.0,1.0,1.0,1.0,1.0,1.0,1.0,1.0,1.0,1.0,1.0,1.0,1.0,1.0,1.0,1.0,1.0,1.0,1.0,1.0,1.0,1.0,1.0,1.0,1.0,1.0,1.0,1.0,1.0,1.0,1.0,1.0,1.0,1.0,1.0,1.0,1.0,1.0,1.0,1.0,1.0,1.0,1.0,1.0,1.0,1.0,1.0,1.0,1.0,1.0,1.0,1.0,1.0,1.0,1.0,1.0,1.0,1.0,1.0,1.0,1.0,1.0,1.0,1.0,1.0,1.0,1.0,1.0,1.0,1.0,1.0,1.0,1.0,1.0,1.0,1.0,1.0,1.0,1.0,1.0,1.0,1.0,1.0,1.0,1.0,1.0,1.0,1.0,1.0,1.0,1.0,1.0,1.0,1.0,1.0,1.0,1.0,1.0,1.0,1.0,1.0,1.0,1.0,1.0,1.0,1.0,1.0,1.0,1.0,1.0,1.0,1.0,1.0,1.0,1.0,1.0,1.0,1.0,1.0,1.0,1.0,1.0,1.0,1.0,1.0,1.0,1.0,1.0,1.0,1.0,1.0,1.0,1.0,1.0,1.0,1.0,1.0,1.0,1.0,1.0,1.0,1.0,1.0,1.0,1.0,1.0,1.0,1.0,1.0,1.0,1.0,1.0,1.0,1.0,1.0,1.0,1.0,1.0,1.0,1.0,1.0,1.0,1.0,1.0,1.0,1.0,1.0,1.0,1.0,1.0,1.0,1.0,1.0,1.0,1.0,1.0,1.0,1.0,1.0,1.0,1.0,1.0,1.0,1.0,1.0,1.0,1.0,1.0,1.0,1.0,1.0,1.0,1.0,1.0,1.0,1.0,1.0,1.0,1.0,1.0,1.0,1.0,1.0,1.0,1.0,1.0,1.0,1.0,1.0,1.0,1.0,1.0,1.0,1.0,1.0,1.0,1.0,1.0,1.0,1.0,1.0,1.0,1.0,1.0,1.0,1.0,1.0,1.0,1.0,1.0,1.0,1.0,1.0,1.0,1.0,1.0,1.0,1.0,1.0,1.0,1.0,1.0,1.0,1.0,1.0,1.0,1.0,1.0,1.0,1.0,1.0,1.0,0.0
miuTech_0,0.009431879490509215,0.008020108508704903,0.011518281618410654,0.013391797077526862,0.01415840216296836,0.014262887311675524,0.014066046172775811,0.013837275042711648,0.013750811683334696,0.013885613522966415,0.014228875240425072,0.014683185732019039,0.015139887473367275,0.015601054001184998,0.01605530289980075,0.0164929570057319,0.016905888300482726,0.017287124475971662,0.017630456924829247,0.017930050155566986,0.018180052632617,0.01837420904124253,0.018505473977319217,0.018565627061987274,0.018545841499573258,0.018523602389969265,0.018524341958554787,0.018526353817958058,0.018529631442304618,0.01853416830571999,0.01853995788232972,0.018546993646259335,0.018555269071634368,0.01856477763258036,0.01857551280322284,0.01858746805768734,0.018600636870099403,0.01861501271458455,0.01863058906526833,0.01864735939627626,0.018665317181733886,0.01868445589576674,0.018704769012500354,0.018726250006060267,0.01874889235057201,0.01877268952016111,0.018797634988953107,0.018823722231073536,0.01885094472064793,0.01887929593180183,0.018908769338660758,0.01893935841535025,0.01897105663599585,0.019003857474723083,0.019037754405657484,0.019072740902924587,0.01910881044064993,0.019145956492959047,0.019184172533977462,0.019223452037830723,0.019263788478644357,0.019305175330543895,0.019347606067654878,0.019391074164102837,0.019435573094013302,0.019481096331511814,0.019527637350723902,0.0195751896257751,0.019623746630790945,0.01967330183989697,0.019723848727218708,0.0197753807668817,0.019827891433011467,0.01988137419973355,0.019935822541173487,0.019991229931456803,0.020047589844709043,0.020104895755055727,0.020163141136622403,0.020222319463534602,0.020282424209917847,0.020343448849897684,0.020405386857599645,0.02046823170714926,0.020531976872672067,0.020596615828293592,0.020662142048139383,0.020728549006334963,0.020795830177005866,0.020863979034277634,0.020932989052275797,0.021002853705125887,0.02107356646695344,0.021145120811883987,0.021217510214043063,0.02129072814755621,0.02136476808654895,0.021439623505146825,0.021515287877475364,0.02159175467766011,0.021669017379826582,0.02174706945810033,0.02182590438660688,0.02190551563947176,0.021985896690820517,0.022067041014778677,0.022148942085471777,0.022231593377025346,0.022314988363564926,0.022399120519216047,0.02248398331810424,0.022569570234355043,0.02265587474209399,0.02274289031544661,0.022830610428538445,0.022919028555495026,0.023008138170441884,0.023097932747504553,0.02318840576080857,0.023279550684479473,0.023371360992642785,0.023463830159424052,0.0235569516589488,0.023650718965342564,0.02374512555273088,0.02384016489523928,0.0239358304669933,0.024032115742118474,0.024129014194740336,0.02422651929898442,0.024324624528976258,0.024423323358841384,0.024522609262705337,0.024622475714693646,0.024722916188931843,0.02482392415954547,0.024925493100660057,0.025027616486401134,0.02513028779089424,0.02523350048826491,0.025337248052638678,0.02544152395814107,0.025546321678897626,0.025651634689033885,0.025757456462675368,0.025863780473947624,0.025970600196976175,0.026077909105886563,0.02618570067480432,0.026293968377854977,0.02640270568916407,0.026511906082857133,0.026621563033059698,0.026731670013897306,0.026842220499495483,0.026953207963979767,0.02706462588147569,0.027176467726108787,0.027288726972004598,0.027401397093288645,0.027514471564086467,0.027627943858523605,0.027741807450725586,0.02785605581481794,0.027970682424926212,0.02808568075517593,0.028201044279692625,0.028316766472601836,0.0284328408080291,0.02854926076009994,0.028666019802939896,0.028783111410674505,0.028900529057429302,0.029018266217329815,0.02913631636450158,0.029254672973070134,0.02937332951716101,0.029492279470899736,0.029611516308411853,0.02973103350382289,0.029850824531258386,0.029970882864843874,0.030091201978704886,0.030211775346966955,0.030332596443755626,0.030453658743196416,0.030574955719414872,0.03069648084653652,0.030818227598686892,0.03094018944999153,0.031062359874575965,0.031184732346565734,0.031307300340086365,0.0314300573292634,0.03155299678822236,0.0316761121910888,0.03179939701198823,0.031922844725046196,0.03204644880438824,0.032170202724139875,0.03229409995842666,0.03241813398137411,0.032542298267107764,0.032666586289753156,0.03279099152343583,0.0329155074422813,0.03304012752041512,0.033164845231962815,0.033289654051049916,0.03341454745180197,0.03353951890834449,0.033664561894803026,0.03378966988530311,0.03391483635397027,0.034040054774930044,0.03416531862230797,0.03429062137022957,0.03441595649282039,0.03454131746420597,0.03466669775851182,0.0347920908498635,0.03491749021238652,0.035042889320206425,0.03516828164744876,0.03529366066823904,0.035419019856702816,0.03554435268696561,0.03566965263315296,0.0357949131693904,0.035919762389806174,0.03604256924255446,0.03616329148003636,0.03628210723670455,0.03639919464701171,0.036514731845410514,0.03662889696635362,0.03674186814429373,0.0368538235136835,0.036964941208975595,0.037075399364622716,0.03718537611507752,0.037295049594792684,0.03740459793822088,0.037514199279814794,0.037624031754027086,0.03773427349531044,0.037845102638117516,0.037956697316900996,0.03806923566611357,0.03818289582020788,0.03829785591363664,0.038414294080852486,0.03853238845630811,0.0386523171744562,0.0387742583697494,0.0388983901766404,0.03902489072958189,0.03915393816302651,0.03928571061142696,0.03942038620923591,0.03955814309090603,0.03969915939088999,0.039843613243640476,0.03999168278361014,0.0401435461452517,0.04029938146301778,0.040459366871361084,0.04062368050473428,0.04079250049759004,0.040966004984381035,0.04114437209955995,0.04132777997757944,0.041516406752892206,0.0417104305599509,0.0419100295332082,0.04211538180711679,0.04232666551612935,0.042544058794698525,0.04276773977727701,0.042997886598317485,0.043234677392272616,0.043478290293595075,0.043728903436737535,0.043986694956152664,0.04425184298629316,0.04452452566161169,0.0448049211165609,0.045093207485593506,0.04538956290316215,0.04569416550371952,0.04600719342171828,0.04632882479161112,0.04665923774785071,0.04699861042488972,0.04734712095718082,0.04770494747917669,0.048072268125330005,0.048449261030093435,0.04883610432791966,0.04923297615326135,0.0
miuTech_1,0.00425102624135514,0.07166835036995253,0.12931451396022084,0.18836397531402113,0.2477968773313884,0.30666631975233216,0.3641093991046748,0.41935460926892393,0.4717256026601777,0.5206413120270643,0.5656124328677157,0.6062342664627731,0.6449770173104303,0.6847377378333055,0.7248002217151557,0.7644364611157752,0.802916899049971,0.839510822822136,0.873486756035951,0.9041128491792161,0.9306572687838105,0.9523885851607825,0.9685761587105672,0.9784905248083368,0.9814541585004267,0.9814763976100307,0.9814756580414452,0.9814736461820419,0.9814703685576953,0.9814658316942799,0.9814600421176702,0.9814530063537407,0.9814447309283656,0.9814352223674195,0.9814244871967771,0.9814125319423126,0.9813993631299006,0.9813849872854155,0.9813694109347316,0.9813526406037237,0.9813346828182661,0.9813155441042333,0.9812952309874996,0.9812737499939397,0.9812511076494279,0.9812273104798389,0.9812023650110469,0.9811762777689265,0.981149055279352,0.9811207040681982,0.9810912306613393,0.9810606415846498,0.9810289433640041,0.9809961425252769,0.9809622455943424,0.9809272590970753,0.98089118955935,0.9808540435070409,0.9808158274660225,0.9807765479621693,0.9807362115213556,0.980694824669456,0.980652393932345,0.9806089258358971,0.9805644269059867,0.9805189036684882,0.9804723626492761,0.9804248103742249,0.980376253369209,0.980326698160103,0.9802761512727812,0.9802246192331182,0.9801721085669884,0.9801186258002664,0.9800641774588265,0.9800087700685431,0.979952410155291,0.9798951042449442,0.9798368588633776,0.9797776805364653,0.9797175757900821,0.9796565511501023,0.9795946131424003,0.9795317682928506,0.979468023127328,0.9794033841717064,0.9793378579518606,0.979271450993665,0.9792041698229941,0.9791360209657224,0.9790670109477242,0.978997146294874,0.9789264335330465,0.9788548791881159,0.9787824897859568,0.9787092718524438,0.978635231913451,0.9785603764948531,0.9784847121225246,0.9784082453223398,0.9783309826201734,0.9782529305418997,0.9781740956133931,0.9780944843605281,0.9780141033091794,0.9779329589852213,0.9778510579145282,0.9777684066229746,0.977685011636435,0.977600879480784,0.9775160166818957,0.977430429765645,0.9773441252579059,0.9772571096845533,0.9771693895714615,0.9770809714445049,0.976991861829558,0.9769020672524954,0.9768115942391914,0.9767204493155205,0.9766286390073572,0.9765361698405759,0.9764430483410512,0.9763492810346573,0.9762548744472691,0.9761598351047607,0.9760641695330067,0.9759678842578814,0.9758709858052597,0.9757734807010155,0.9756753754710238,0.9755766766411585,0.9754773907372947,0.9753775242853063,0.9752770838110681,0.9751760758404545,0.9750745068993399,0.9749723835135988,0.9748697122091057,0.9747664995117351,0.9746627519473613,0.9745584760418589,0.9744536783211024,0.9743483653109661,0.9742425435373245,0.9741362195260523,0.9740293998030238,0.9739220908941134,0.9738142993251956,0.973706031622145,0.9735972943108359,0.9734880939171429,0.9733784369669403,0.9732683299861026,0.9731577795005044,0.9730467920360202,0.9729353741185243,0.9728235322738912,0.9727112730279954,0.9725986029067113,0.9724855284359134,0.9723720561414763,0.9722581925492744,0.972143944185182,0.9720293175750737,0.9719143192448241,0.9717989557203073,0.9716832335273982,0.9715671591919709,0.9714507392399,0.9713339801970601,0.9712168885893255,0.9710994709425707,0.9709817337826702,0.9708636836354984,0.9707453270269297,0.9706266704828389,0.9705077205291002,0.970388483691588,0.970268966496177,0.9701491754687416,0.970029117135156,0.969908798021295,0.9697882246530329,0.9696674035562443,0.9695463412568036,0.9694250442805851,0.9693035191534635,0.9691817724013131,0.9690598105500084,0.968937640125424,0.9688152676534343,0.9686926996599136,0.9685699426707365,0.9684470032117777,0.9683238878089111,0.9682006029880118,0.9680771552749537,0.9679535511956118,0.96782979727586,0.9677059000415733,0.9675818660186258,0.9674577017328923,0.9673334137102468,0.9672090084765641,0.9670844925577187,0.9669598724795848,0.9668351547680372,0.96671034594895,0.9665854525481979,0.9664604810916554,0.9663354381051968,0.9662103301146968,0.9660851636460297,0.9659599452250699,0.965834681377692,0.9657093786297704,0.9655840435071795,0.9654586825357939,0.9653333022414881,0.9652079091501364,0.9650825097876133,0.9649571106797935,0.9648317183525512,0.964706339331761,0.9645809801432972,0.9644556473130343,0.964330347366847,0.9642050868306096,0.9640802376101938,0.9639574307574454,0.9638367085199636,0.9637178927632953,0.9636008053529882,0.9634852681545895,0.9633711030336464,0.9632581318557062,0.9631461764863164,0.9630350587910244,0.9629246006353772,0.9628146238849224,0.9627049504052073,0.9625954020617791,0.9624858007201852,0.9623759682459728,0.9622657265046894,0.9621548973618824,0.9620433026830989,0.9619307643338864,0.961817104179792,0.9617021440863632,0.9615857059191474,0.9614676115436918,0.9613476828255437,0.9612257416302505,0.9611016098233595,0.9609751092704181,0.9608460618369734,0.960714289388573,0.960579613790764,0.9604418569090939,0.9603008406091099,0.9601563867563594,0.9600083172163897,0.9598564538547482,0.9597006185369821,0.9595406331286388,0.9593763194952656,0.9592074995024098,0.9590339950156189,0.95885562790044,0.9586722200224205,0.9584835932471077,0.9582895694400491,0.9580899704667916,0.9578846181928831,0.9576733344838705,0.9574559412053013,0.9572322602227228,0.9570021134016824,0.9567653226077273,0.9565217097064048,0.9562710965632624,0.9560133050438472,0.9557481570137067,0.9554754743383882,0.955195078883439,0.9549067925144065,0.9546104370968378,0.9543058344962804,0.9539928065782817,0.9536711752083887,0.9533407622521491,0.9530013895751102,0.952652879042819,0.9522950525208232,0.95192773187467,0.9515507389699065,0.9511638956720803,0.9507670238467386,0.0
xMiu,0.0,1.0,11.055728623414357,23.88500052349961,137.80658588937612,299.0,300.0
xTech,0.0,1.0,11.0,24.920842884908915,228.43386299758964,299.0,300.0
xSavings,0.0,1.0,22.658318297981936,273.33882064261974,289.0,299.0,300.0
yMiu,0.013682905731864356,0.07968845887865744,0.6230717707806587,1.0,1.0,1.0,0.0
yTechArray,0.6893184587645391,0.10064328789338511,0.02364756487374859,0.018523598382454286,0.035849245175843814,0.04923297615326135,0.05017088978113874,0.3106815412354609,0.8993567121066148,0.9763524351262514,0.9814764016175457,0.9641507548241561,0.9507670238467386,0.9498291102188613
ySavings,0.2449379134717943,0.26231010463690685,0.26314830173364995,0.2629856606645704,0.2631165692856755,0.26253062868316696,-5.479480268501167
miuRatios_0,0.6893184587645391,0.10064328789338511,0.08178692733525711,0.0663762772127152,0.05404892846709498,0.044442472039732006,0.037194498871961856,0.0319425999051201,0.028324366080542333,0.025977388339564096,0.02453925762352098,0.02364756487374859,0.022935160974745697,0.022276438465330593,0.021671300768318014,0.0211196513065227,0.020621393502759374,0.020176430779842793,0.019784666560587687,0.019446004267808792,0.01916034732432084,0.01892759915293857,0.01874766317647673,0.018620442817750046,0.018545841499573258,0.018523602389969265,0.018524341958554787,0.018526353817958058,0.018529631442304618,0.01853416830571999,0.01853995788232972,0.018546993646259335,0.018555269071634368,0.01856477763258036,0.01857551280322284,0.01858746805768734,0.018600636870099403,0.01861501271458455,0.01863058906526833,0.01864735939627626,0.018665317181733886,0.01868445589576674,0.018704769012500354,0.018726250006060267,0.01874889235057201,0.01877268952016111,0.018797634988953107,0.018823722231073536,0.01885094472064793,0.01887929593180183,0.018908769338660758,0.01893935841535025,0.01897105663599585,0.019003857474723083,0.019037754405657484,0.019072740902924587,0.01910881044064993,0.019145956492959047,0.019184172533977462,0.019223452037830723,0.019263788478644357,0.019305175330543895,0.019347606067654878,0.019391074164102837,0.019435573094013302,0.019481096331511814,0.019527637350723902,0.0195751896257751,0.019623746630790945,0.01967330183989697,0.019723848727218708,0.0197753807668817,0.019827891433011467,0.01988137419973355,0.019935822541173487,0.019991229931456803,0.020047589844709043,0.020104895755055727,0.020163141136622403,0.020222319463534602,0.020282424209917847,0.020343448849897684,0.020405386857599645,0.02046823170714926,0.020531976872672067,0.020596615828293592,0.020662142048139383,0.020728549006334963,0.020795830177005866,0.020863979034277634,0.020932989052275797,0.021002853705125887,0.02107356646695344,0.021145120811883987,0.021217510214043063,0.02129072814755621,0.02136476808654895,0.021439623505146825,0.021515287877475364,0.02159175467766011,0.021669017379826582,0.02174706945810033,0.02182590438660688,0.02190551563947176,0.021985896690820517,0.022067041014778677,0.022148942085471777,0.022231593377025346,0.022314988363564926,0.022399120519216047,0.02248398331810424,0.022569570234355043,0.02265587474209399,0.02274289031544661,0.022830610428538445,0.022919028555495026,0.023008138170441884,0.023097932747504553,0.02318840576080857,0.023279550684479473,0.023371360992642785,0.023463830159424052,0.0235569516589488,0.023650718965342564,0.02374512555273088,0.02384016489523928,0.0239358304669933,0.024032115742118474,0.024129014194740336,0.02422651929898442,0.024324624528976258,0.024423323358841384,0.024522609262705337,0.024622475714693646,0.024722916188931843,0.02482392415954547,0.024925493100660057,0.025027616486401134,0.02513028779089424,0.02523350048826491,0.025337248052638678,0.02544152395814107,0.025546321678897626,0.025651634689033885,0.025757456462675368,0.025863780473947624,0.025970600196976175,0.026077909105886563,0.02618570067480432,0.026293968377854977,0.02640270568916407,0.026511906082857133,0.026621563033059698,0.026731670013897306,0.026842220499495483,0.026953207963979767,0.02706462588147569,0.027176467726108787,0.027288726972004598,0.027401397093288645,0.027514471564086467,0.027627943858523605,0.027741807450725586,0.02785605581481794,0.027970682424926212,0.02808568075517593,0.028201044279692625,0.028316766472601836,0.0284328408080291,0.02854926076009994,0.028666019802939896,0.028783111410674505,0.028900529057429302,0.029018266217329815,0.02913631636450158,0.029254672973070134,0.02937332951716101,0.029492279470899736,0.029611516308411853,0.02973103350382289,0.029850824531258386,0.029970882864843874,0.030091201978704886,0.030211775346966955,0.030332596443755626,0.030453658743196416,0.030574955719414872,0.03069648084653652,0.030818227598686892,0.03094018944999153,0.031062359874575965,0.031184732346565734,0.031307300340086365,0.0314300573292634,0.03155299678822236,0.0316761121910888,0.03179939701198823,0.031922844725046196,0.03204644880438824,0.032170202724139875,0.03229409995842666,0.03241813398137411,0.032542298267107764,0.032666586289753156,0.03279099152343583,0.0329155074422813,0.03304012752041512,0.033164845231962815,0.033289654051049916,0.03341454745180197,0.03353951890834449,0.033664561894803026,0.03378966988530311,0.03391483635397027,0.034040054774930044,0.03416531862230797,0.03429062137022957,0.03441595649282039,0.03454131746420597,0.03466669775851182,0.0347920908498635,0.03491749021238652,0.035042889320206425,0.03516828164744876,0.03529366066823904,0.035419019856702816,0.03554435268696561,0.03566965263315296,0.0357949131693904,0.035919762389806174,0.03604256924255446,0.03616329148003636,0.03628210723670455,0.03639919464701171,0.036514731845410514,0.03662889696635362,0.03674186814429373,0.0368538235136835,0.036964941208975595,0.037075399364622716,0.03718537611507752,0.037295049594792684,0.03740459793822088,0.037514199279814794,0.037624031754027086,0.03773427349531044,0.037845102638117516,0.037956697316900996,0.03806923566611357,0.03818289582020788,0.03829785591363664,0.038414294080852486,0.03853238845630811,0.0386523171744562,0.0387742583697494,0.0388983901766404,0.03902489072958189,0.03915393816302651,0.03928571061142696,0.03942038620923591,0.03955814309090603,0.03969915939088999,0.039843613243640476,0.03999168278361014,0.0401435461452517,0.04029938146301778,0.040459366871361084,0.04062368050473428,0.04079250049759004,0.040966004984381035,0.04114437209955995,0.04132777997757944,0.041516406752892206,0.0417104305599509,0.0419100295332082,0.04211538180711679,0.04232666551612935,0.042544058794698525,0.04276773977727701,0.042997886598317485,0.043234677392272616,0.043478290293595075,0.043728903436737535,0.043986694956152664,0.04425184298629316,0.04452452566161169,0.0448049211165609,0.045093207485593506,0.04538956290316215,0.04569416550371952,0.04600719342171828,0.04632882479161112,0.04665923774785071,0.04699861042488972,0.04734712095718082,0.04770494747917669,0.048072268125330005,0.048449261030093435,0.04883610432791966,0.04923297615326135,0.05017088978113874
miuRatios_1,0.3106815412354609,0.8993567121066148,0.9182130726647428,0.9336237227872848,0.9459510715329049,0.9555575279602679,0.9628055011280381,0.9680574000948798,0.9716756339194578,0.9740226116604359,0.9754607423764788,0.9763524351262514,0.9770648390252543,0.9777235615346694,0.9783286992316819,0.9788803486934772,0.9793786064972406,0.9798235692201571,0.9802153334394123,0.9805539957321912,0.9808396526756792,0.9810724008470615,0.9812523368235233,0.9813795571822499,0.9814541585004267,0.9814763976100307,0.9814756580414452,0.9814736461820419,0.9814703685576953,0.9814658316942799,0.9814600421176702,0.9814530063537407,0.9814447309283656,0.9814352223674195,0.9814244871967771,0.9814125319423126,0.9813993631299006,0.9813849872854155,0.9813694109347316,0.9813526406037237,0.9813346828182661,0.9813155441042333,0.9812952309874996,0.9812737499939397,0.9812511076494279,0.9812273104798389,0.9812023650110469,0.9811762777689265,0.981149055279352,0.9811207040681982,0.9810912306613393,0.9810606415846498,0.9810289433640041,0.9809961425252769,0.9809622455943424,0.9809272590970753,0.98089118955935,0.9808540435070409,0.9808158274660225,0.9807765479621693,0.9807362115213556,0.980694824669456,0.980652393932345,0.9806089258358971,0.9805644269059867,0.9805189036684882,0.9804723626492761,0.9804248103742249,0.980376253369209,0.980326698160103,0.9802761512727812,0.9802246192331182,0.9801721085669884,0.9801186258002664,0.9800641774588265,0.9800087700685431,0.979952410155291,0.9798951042449442,0.9798368588633776,0.9797776805364653,0.9797175757900821,0.9796565511501023,0.9795946131424003,0.9795317682928506,0.979468023127328,0.9794033841717064,0.9793378579518606,0.979271450993665,0.9792041698229941,0.9791360209657224,0.9790670109477242,0.978997146294874,0.9789264335330465,0.9788548791881159,0.9787824897859568,0.9787092718524438,0.978635231913451,0.9785603764948531,0.9784847121225246,0.9784082453223398,0.9783309826201734,0.9782529305418997,0.9781740956133931,0.9780944843605281,0.9780141033091794,0.9779329589852213,0.9778510579145282,0.9777684066229746,0.977685011636435,0.977600879480784,0.9775160166818957,0.977430429765645,0.9773441252579059,0.9772571096845533,0.9771693895714615,0.9770809714445049,0.976991861829558,0.9769020672524954,0.9768115942391914,0.9767204493155205,0.9766286390073572,0.9765361698405759,0.9764430483410512,0.9763492810346573,0.9762548744472691,0.9761598351047607,0.9760641695330067,0.9759678842578814,0.9758709858052597,0.9757734807010155,0.9756753754710238,0.9755766766411585,0.9754773907372947,0.9753775242853063,0.9752770838110681,0.9751760758404545,0.9750745068993399,0.9749723835135988,0.9748697122091057,0.9747664995117351,0.9746627519473613,0.9745584760418589,0.9744536783211024,0.9743483653109661,0.9742425435373245,0.9741362195260523,0.9740293998030238,0.9739220908941134,0.9738142993251956,0.973706031622145,0.9735972943108359,0.9734880939171429,0.9733784369669403,0.9732683299861026,0.9731577795005044,0.9730467920360202,0.9729353741185243,0.9728235322738912,0.9727112730279954,0.9725986029067113,0.9724855284359134,0.9723720561414763,0.9722581925492744,0.972143944185182,0.9720293175750737,0.9719143192448241,0.9717989557203073,0.9716832335273982,0.9715671591919709,0.9714507392399,0.9713339801970601,0.9712168885893255,0.9710994709425707,0.9709817337826702,0.9708636836354984,0.9707453270269297,0.9706266704828389,0.9705077205291002,0.970388483691588,0.970268966496177,0.9701491754687416,0.970029117135156,0.969908798021295,0.9697882246530329,0.9696674035562443,0.9695463412568036,0.9694250442805851,0.9693035191534635,0.9691817724013131,0.9690598105500084,0.968937640125424,0.9688152676534343,0.9686926996599136,0.9685699426707365,0.9684470032117777,0.9683238878089111,0.9682006029880118,0.9680771552749537,0.9679535511956118,0.96782979727586,0.9677059000415733,0.9675818660186258,0.9674577017328923,0.9673334137102468,0.9672090084765641,0.9670844925577187,0.9669598724795848,0.9668351547680372,0.96671034594895,0.9665854525481979,0.9664604810916554,0.9663354381051968,0.9662103301146968,0.9660851636460297,0.9659599452250699,0.965834681377692,0.9657093786297704,0.9655840435071795,0.9654586825357939,0.9653333022414881,0.9652079091501364,0.9650825097876133,0.9649571106797935,0.9648317183525512,0.964706339331761,0.9645809801432972,0.9644556473130343,0.964330347366847,0.9642050868306096,0.9640802376101938,0.9639574307574454,0.9638367085199636,0.9637178927632953,0.9636008053529882,0.9634852681545895,0.9633711030336464,0.9632581318557062,0.9631461764863164,0.9630350587910244,0.9629246006353772,0.9628146238849224,0.9627049504052073,0.9625954020617791,0.9624858007201852,0.9623759682459728,0.9622657265046894,0.9621548973618824,0.9620433026830989,0.9619307643338864,0.961817104179792,0.9617021440863632,0.9615857059191474,0.9614676115436918,0.9613476828255437,0.9612257416302505,0.9611016098233595,0.9609751092704181,0.9608460618369734,0.960714289388573,0.960579613790764,0.9604418569090939,0.9603008406091099,0.9601563867563594,0.9600083172163897,0.9598564538547482,0.9597006185369821,0.9595406331286388,0.9593763194952656,0.9592074995024098,0.9590339950156189,0.95885562790044,0.9586722200224205,0.9584835932471077,0.9582895694400491,0.9580899704667916,0.9578846181928831,0.9576733344838705,0.9574559412053013,0.9572322602227228,0.9570021134016824,0.9567653226077273,0.9565217097064048,0.9562710965632624,0.9560133050438472,0.9557481570137067,0.9554754743383882,0.955195078883439,0.9549067925144065,0.9546104370968378,0.9543058344962804,0.9539928065782817,0.9536711752083887,0.9533407622521491,0.9530013895751102,0.952652879042819,0.9522950525208232,0.95192773187467,0.9515507389699065,0.9511638956720803,0.9507670238467386,0.9498291102188614
savings,0.2449379134717943,0.26231010463690685,0.26241604410222147,0.2625126802822747,0.2626004395157975,0.2626797481415209,0.2627510324981756,0.2628147189244927,0.2628712337592031,0.2629210033410378,0.26296445400872775,0.26300201210100377,0.2630341039565969,0.2630611559142381,0.26308359431265826,0.2631018454905883,0.26311633578675925,0.2631274915399019,0.2631357390887474,0.2631415047720265,0.26314521492847026,0.26314729589680963,0.26314817401577545,0.26314830082800283,0.26314828780666916,0.26314825942267356,0.26314821579991,0.2631481570622722,0.26314808333365414,0.26314799473794964,0.2631478913990526,0.2631477734408568,0.26314764098725624,0.26314749416214467,0.263147333089416,0.26314715789296406,0.26314696869668275,0.2631467656244659,0.2631465488002074,0.2631463183478011,0.2631460743911409,0.26314581705412066,0.2631455464606342,0.2631452627345754,0.2631449659998381,0.26314465638031626,0.2631443339999036,0.2631439989824941,0.26314365145198165,0.2631432915322599,0.26314291934722295,0.26314253502076457,0.26314213867677866,0.26314173043915895,0.2631413104317995,0.26314087877859405,0.26314043560343653,0.2631399810302207,0.2631395151828405,0.26313903818518986,0.26313855016116255,0.2631380512346524,0.2631375415295534,0.26313702116975923,0.26313649027916397,0.2631359489816613,0.2631353974011452,0.2631348356615095,0.2631342638866481,0.2631336822004548,0.26313309072682345,0.263132489589648,0.26313187891282225,0.2631312588202401,0.26313062943579535,0.2631299908833819,0.2631293432868937,0.2631286867702245,0.2631280214572681,0.2631273474719186,0.2631266649380697,0.26312597397961524,0.26312527472044916,0.2631245672844653,0.26312385179555753,0.2631231283776197,0.26312239715454566,0.2631216582502294,0.2631209117885645,0.2631201578934451,0.263119396688765,0.263118628298418,0.263117852846298,0.26311707045629884,0.26311628125231434,0.26311548535823853,0.2631146828979651,0.26311387399538805,0.2631130587744011,0.26311223735889827,0.26311140987277326,0.2631105764399201,0.26310973718423253,0.2631088922296045,0.26310804169992974,0.2631071857191023,0.26310632441101584,0.26310545789956447,0.2631045863086418,0.26310370976214187,0.2631028283839585,0.26310194229798545,0.2631010516281167,0.26310015649824614,0.26309925703226755,0.2630983533540748,0.26309744558756176,0.2630965338566224,0.26309561828515043,0.26309469899703974,0.2630937761161843,0.2630928497664779,0.26309192007181437,0.26309098715608764,0.26309005114319156,0.26308911215701997,0.2630881703214667,0.2630872257604257,0.2630862785977908,0.26308532895745584,0.2630843769633147,0.2630834227392613,0.26308246640918936,0.2630815080969929,0.26308054792656566,0.2630795860218016,0.26307862250659453,0.26307765750483836,0.26307669114042687,0.263075723537254,0.26307475481921355,0.2630737851101995,0.2630728145341056,0.26307184321482574,0.2630708712762538,0.26306989884228366,0.2630689260368091,0.2630679529837241,0.26306697980692245,0.26306600663029805,0.26306503357774474,0.26306406077315636,0.26306308834042685,0.26306211640345,0.2630611450861197,0.2630601745123298,0.2630592048059743,0.2630582360909468,0.2630572684911414,0.26305630213045184,0.263055337132772,0.2630543736219958,0.26305341172201707,0.2630524515567296,0.26305149325002736,0.2630505369258042,0.2630495827079539,0.26304863072037044,0.26304768108694765,0.26304673393157935,0.26304578937815937,0.26304484755058166,0.26304390857274007,0.26304297256852843,0.2630420396618406,0.2630411099765705,0.26304018363661197,0.2630392607658588,0.263038341488205,0.2630374259275443,0.2630365142077706,0.2630356064527778,0.26303470278645974,0.26303380333271026,0.26303290821542324,0.2630320175584926,0.2630311314858121,0.26303025012127573,0.26302937358877726,0.26302850201221056,0.26302763551546954,0.263026774222448,0.26302591825703986,0.263025067743139,0.2630242228046392,0.26302338356543437,0.2630225501494184,0.26302172268048507,0.26302090128252836,0.2630200860794421,0.2630192771951201,0.26301847475345624,0.26301767887834443,0.2630168896936785,0.2630161073233523,0.2630153318912597,0.26301456352129454,0.26301380233735083,0.2630130484633222,0.2630123020231027,0.26301156314058616,0.26301083193966635,0.26301010854423723,0.2630093930781926,0.2630086856654264,0.2630079864298324,0.26300729549530455,0.2630066129857367,0.2630059390250226,0.2630052737370563,0.2630046172457315,0.26300396967494216,0.2630033311485821,0.26300270179054525,0.2630020817247254,0.26300147107501637,0.2630008699653122,0.2630002785195066,0.26299969686149344,0.26299912511516665,0.26299856340442007,0.2629980118531476,0.26299747058524303,0.2629969397246002,0.2629964193951131,0.2629959097206755,0.2629954108251813,0.2629949228325244,0.2629944458665986,0.26299398005129776,0.2629935255105157,0.26299308236814645,0.2629926507480837,0.2629922307742214,0.26299182257045345,0.2629914262606737,0.2629910419687759,0.262990669818654,0.2629903099342018,0.2629899624393133,0.2629896274578823,0.2629893051138026,0.2629889955309681,0.2629886988332727,0.26298841514461024,0.2629881445888746,0.2629878872899596,0.26298764337175917,0.2629874129581671,0.26298719617307725,0.2629869931403836,0.2629868039839799,0.26298662882776,0.2629864677956179,0.26298632101144737,0.26298618859914225,0.26298607068259644,0.26298596738570384,0.26298587883235824,0.26298580514645353,0.2629857464518836,0.26298570287254225,0.2629856745323234,0.26298566155512093,0.2629863409333738,0.2629897667064291,0.2629957154940645,0.26300377834073163,0.2630135462908825,0.2630246103889688,0.2630365616794423,0.2630489912067548,0.26306149001535817,0.2630736491497042,0.26308505965424456,0.26309531257343116,0.26310399895171577,0.2631107098335501,0.2631150362633861,0.2631165692856755,0.2631146647197478,0.2631071933152548,0.26309151851213153,0.2630650037503131,0.26302501246973453,0.26296890811033086,0.2628940541120372,0.2627978139147887,0.2626775509585202,0.26253062868316696,-5.479480268501167
act,0.0002160024163347147, 0.4139790150751012, 0.011182172571703916, 0.7652475309984094, 0.0, 0.015197065445383384, 0.045187280224736184, 1.0, 0.9780574443512393, 0.013682905731864356, 0.07968845887865744, 0.6230717707806587, 1.0, 1.0, 1.0, 0.0, 0.6893184587645391, 0.10064328789338511, 0.02364756487374859, 0.018523598382454286, 0.035849245175843814, 0.04923297615326135, 0.05017088978113874, 0.2449379134717943, 0.26231010463690685, 0.26314830173364995, 0.2629856606645704, 0.2631165692856755, 0.26253062868316696, -5.479480268501167
